A00-2018.csv_task1a_precision: 0.0
A00-2018.csv_task1a_recall: 0.0
A00-2018.csv_task1a_f1: 0
A00-2030.csv_task1a_precision: 0.0
A00-2030.csv_task1a_recall: 0.0
A00-2030.csv_task1a_f1: 0
A97-1014.csv_task1a_precision: 0.0
A97-1014.csv_task1a_recall: 0.0
A97-1014.csv_task1a_f1: 0
D09-1092.csv_task1a_precision: 0.16666666666666666
D09-1092.csv_task1a_recall: 0.1
D09-1092.csv_task1a_f1: 0.125
D10-1044.csv_task1a_precision: 0.14285714285714285
D10-1044.csv_task1a_recall: 0.09090909090909091
D10-1044.csv_task1a_f1: 0.1111111111111111
E03-1005.csv_task1a_precision: 1.0
E03-1005.csv_task1a_recall: 0.08333333333333333
E03-1005.csv_task1a_f1: 0.15384615384615385
J01-2004.csv_task1a_precision: 0.0
J01-2004.csv_task1a_recall: 0.0
J01-2004.csv_task1a_f1: 0
P04-1036.csv_task1a_precision: 0.0
P04-1036.csv_task1a_recall: 0.0
P04-1036.csv_task1a_f1: 0
P05-1013.csv_task1a_precision: 0.2
P05-1013.csv_task1a_recall: 0.17647058823529413
P05-1013.csv_task1a_f1: 0.18750000000000003
P08-1028.csv_task1a_precision: 0.0
P08-1028.csv_task1a_recall: 0.0
P08-1028.csv_task1a_f1: 0
P08-1043.csv_task1a_precision: 0.0
P08-1043.csv_task1a_recall: 0.0
P08-1043.csv_task1a_f1: 0
P08-1102.csv_task1a_precision: 0.0
P08-1102.csv_task1a_recall: 0.0
P08-1102.csv_task1a_f1: 0
P11-1060.csv_task1a_precision: 0.0
P11-1060.csv_task1a_recall: 0.0
P11-1060.csv_task1a_f1: 0
P11-1061.csv_task1a_precision: 0.3333333333333333
P11-1061.csv_task1a_recall: 0.18181818181818182
P11-1061.csv_task1a_f1: 0.23529411764705885
P87-1015.csv_task1a_precision: 0.0
P87-1015.csv_task1a_recall: 0.0
P87-1015.csv_task1a_f1: 0
W06-3114.csv_task1a_precision: 0.16666666666666666
W06-3114.csv_task1a_recall: 0.07142857142857142
W06-3114.csv_task1a_f1: 0.1
W11-2123.csv_task1a_precision: 0.0
W11-2123.csv_task1a_recall: 0.0
W11-2123.csv_task1a_f1: 0
W99-0613.csv_task1a_precision: 0.0
W99-0613.csv_task1a_recall: 0.0
W99-0613.csv_task1a_f1: 0
W99-0623.csv_task1a_precision: 0.0
W99-0623.csv_task1a_recall: 0.0
W99-0623.csv_task1a_f1: 0

TOTAL
task1a_precision_micro_avg: 0.0891089108910891
task1a_precision_macro_avg: 0.10576441102756892
task1a_recall_micro_avg: 0.036585365853658534
task1a_recall_macro_avg: 0.0370505139854985
task1a_f1_micro_avg: 0.05187319884726225
task1a_f1_macro_avg: 0.05487697857330253
