Citance Number,Reference Article,Citing Article,Citation Marker Offset,Citation Marker,Citation Offset,Citation Text,Citation Text Clean,Reference Offset,Reference Text,Discourse Facet
1,W06-3114,W06-3120,0,"Koehn and Monz, 2006",0,"The official results were slightly better because a lowercase evaluation was used, see (Koehn and Monz, 2006)","The official results were slightly better because a lowercase evaluation was used, see (Koehn and Monz, 2006)",'1',"<S ssid=""1"" sid=""1"">Adequacy (rank) Fluency (rank) BLEU (rank) upc-jmc (1-7) (1-8) (1-6) lcc (1-6) (1-7) (1-4) utd (1-7) (1-6) (2-7) upc-mr (1-8) (1-6) (1-7) nrc (1-7) (2-6) (8) ntt (1-8) (2-8) (1-7) cmu (3-7) (4-8) (2-7) rali (5-8) (3-9) (3-7) systran (9) (8-9) (10) upv (10) (10) (9) Spanish-English (In Domain) Adequacy (rank) Fluency (rank) BLEU (rank) upc-jmc (1-7) (1-6) (1-5) ntt (1-7) (1-8) (1-5) lcc (1-8) (2-8) (1-4) utd (1-8) (2-7) (1-5) nrc (2-8) (1-9) (6) upc-mr (1-8) (1-6) (7) uedin-birch (1-8) (2-10) (8) rali (3-9) (3-9) (2-5) upc-jg (7-9) (6-9) (9) upv (10) (9-10) (10) German-English (In Domain) Adequacy (rank) Fluency (rank) BLEU (rank) uedin-phi (1-2) (1) (1) lcc (2-7) (2-7) (2) nrc (2-7) (2-6) (5-7) utd (3-7) (2-8) (3-4) ntt (2-9) (2-8) (3-4) upc-mr (3-9) (6-9) (8) rali (4-9) (3-9) (5-7) upc-jmc (2-9) (3-9) (5-7) systran (3-9) (3-9) (10) upv (10) (10) (9) Figure 7: Evaluation of translation to English on in-domain test data 112 English-French (In Domain) Adequacy (rank) Fluency (rank) BLEU (rank) nrc (1-5) (1-5) (1-6) upc-mr (1-4) (1-5) (1-6) upc-jmc (1-6) (1-6) (1-5) systran (2-7) (1-6) (7) utd (3-7) (3-7) (3-6) rali (1-7) (2-7) (1-6) ntt (4-7) (4-7) (1-5) English-Spanish (In Domain) Adequacy (rank) Fluency (rank) BLEU (rank) ms (1-5) (1-7) (7-8) upc-mr (1-4) (1-5) (1-4) utd (1-5) (1-6) (1-4) nrc (2-7) (1-6) (5-6) ntt (3-7) (1-6) (1-4) upc-jmc (2-7) (2-7) (1-4) rali (5-8) (6-8) (5-6) uedin-birch (6-9) (6-10) (7-8) upc-jg (9) (8-10) (9) upv (9-10) (8-10) (10) English-German (In Domain) Adequacy (rank) Fluency (rank) BLEU (rank) upc-mr (1-3) (1-5) (3-5) ntt (1-5) (2-6) (1-3) upc-jmc (1-5) (1-4) (1-3) nrc (2-4) (1-5) (4-5) rali (3-6) (2-6) (1-4) systran (5-6) (3-6) (7) upv (7) (7) (6) Figure 8: Evaluation of translation from English on in-domain test data 113 French-English (Out of Domain) Adequacy (rank) Fluency (rank) BLEU (rank) upc-jmc (1-5) (1-8) (1-4) cmu (1-8) (1-9) (4-7) systran (1-8) (1-7) (9) lcc (1-9) (1-9) (1-5) upc-mr (2-8) (1-7) (1-3) utd (1-9) (1-8) (3-7) ntt (3-9) (1-9) (3-7) nrc (3-8) (3-9) (3-7) rali (4-9) (5-9) (8) upv (10) (10) (10) Spanish-English (Out of Domain) Adequacy (rank) Fluency (rank) BLEU (rank) upc-jmc (1-2) (1-6) (1-3) uedin-birch (1-7) (1-6) (5-8) nrc (2-8) (1-8) (5-7) ntt (2-7) (2-6) (3-4) upc-mr (2-8) (1-7) (5-8) lcc (4-9) (3-7) (1-4) utd (2-9) (2-8) (1-3) upc-jg (4-9) (7-9) (9) rali (4-9) (6-9) (6-8) upv (10) (10) (10) German-English (Out of Domain) Adequacy (rank) Fluency (rank) BLEU (rank) systran (1-4) (1-4) (7-9) uedin-phi (1-6) (1-7) (1) lcc (1-6) (1-7) (2-3) utd (2-7) (2-6) (4-6) ntt (1-9) (1-7) (3-5) nrc (3-8) (2-8) (7-8) upc-mr (4-8) (6-8) (4-6) upc-jmc (4-8) (3-9) (2-5) rali (8-9) (8-9) (8-9) upv (10) (10) (10) Figure 9: Evaluation of translation to English on out-of-domain test data 114 English-French (Out of Domain) Adequacy (rank) Fluency (rank) BLEU (rank) systran (1) (1) (1) upc-jmc (2-5) (2-4) (2-6) upc-mr (2-4) (2-4) (2-6) utd (2-6) (2-6) (7) rali (4-7) (5-7) (2-6) nrc (4-7) (4-7) (2-5) ntt (4-7) (4-7) (3-6) English-Spanish (Out of Domain) Adequacy (rank) Fluency (rank) BLEU (rank) upc-mr (1-3) (1-6) (1-2) ms (1-7) (1-8) (6-7) utd (2-6) (1-7) (3-5) nrc (1-6) (2-7) (3-5) upc-jmc (2-7) (1-6) (3-5) ntt (2-7) (1-7) (1-2) rali (6-8) (4-8) (6-8) uedin-birch (6-10) (5-9) (7-8) upc-jg (8-9) (9-10) (9) upv (9) (8-9) (10) English-German (Out of Domain) Adequacy (rank) Fluency (rank) BLEU (rank) systran (1) (1-2) (1-6) upc-mr (2-3) (1-3) (1-5) upc-jmc (2-3) (3-6) (1-6) rali (4-6) (4-6) (1-6) nrc (4-6) (2-6) (2-6) ntt (4-6) (3-5) (1-6) upv (7) (7) (7) Figure 10: Evaluation of translation from English on out-of-domain test data 115 French-English In domain Out of Domain Adequacy Adequacy 0.3 0.3 • 0.2 0.2 0.1 0.1 -0.0 -0.0 -0.1 -0.1 -0.2 -0.2 -0.3 -0.3 -0.4 -0.4 -0.5 -0.5 -0.6 -0.6 -0.7 -0.7 •upv -0.8 -0.8 21 22 23 24 25 26 27 28 29 30 31 15 16 17 18 19 20 21 22 •upv •systran upcntt • rali upc-jmc • cc Fluency 0.2 0.1 -0.0 -0.1 -0.2 -0.3 -0.4 •upv -0.5 •systran •upv upc -jmc • Fluency 0.2 0.1 -0.0 -0.1 -0.2 -0.3 -0.4 -0.5 -0.6 • • • td t cc upc- • rali 21 22 23 24 25 26 27 28 29 30 31 15 16 17 18 19 20 21 22 Figure 11: Correlation between manual and automatic scores for French-English 116 Spanish-English Figure 12: Correlation between manual and automatic scores for Spanish-English -0.3 -0.4 0.2 0.1 -0.0 -0.1 -0.2 -0.3 -0.4 -0.5 •upv -0.4 •upv -0.3 In Domain •upc-jg Adequacy 0.3 0.2 0.1 -0.0 -0.1 -0.2 Out of Domain •upc-jmc •nrc •ntt Adequacy upc-jmc • • •lcc • rali • •rali -0.7 -0.5 -0.6 •upv 23 24 25 26 27 28 29 30 31 32 19 20 21 22 23 24 25 26 27 28 • •rali Fluency 0.2 0.1 -0.0 -0.1 -0.2 ntt • upc-mr •lcc •utd •upc-jg •rali Fluency 0.2 0.1 -0.0 -0.1 -0.2 -0.3 -0.4 •upc-jmc • uedin-birch -0.5 -0.5 •upv 23 24 25 26 27 28 29 30 31 32 19 20 21 22 23 24 25 26 27 28 117 In Domain Out of Domain Adequacy Adequacy German-English 15 16 17 18 19 20 21 22 23 24 25 26 27 0.4 0.3 0.2 0.1 -0.0 -0.1 -0.2 -0.3 -0.4 -0.5 -0.6 lcc • upc-jmc •systran •upv Fluency •ula •upc-mr •lcc 15 16 17 18 19 20 21 22 23 24 25 26 27 0.4 0.3 0.2 0.1 -0.0 -0.1 -0.2 -0.3 -0.4 •systran •upv •uedin-phi -jmc •rali •systran -0.3 -0.4 -0.5 -0.6 •upv 12 13 14 15 16 17 18 19 20 0.4 0.3 0.2 0.1 -0.0 -0.1 -0.2 Fluency uedin-phi • • •utd •upc-jmc •upc-mr 0.4 •rali -0.3 -0.4 -0.5 •upv 12 13 14 15 16 17 18 19 20 0.3 0.2 0.1 -0.0 -0.1 -0.2 English-French In Domain Out of Domain Adequacy Adequacy .</S>",['method_citation']
2,W06-3114,D07-1092,0,"Koehn and Monz, 2006",0,"We are further focusing on the shared task of the workshop on Statistical Machine Translation, which took place last year (Koehn and Monz, 2006) and consisted in translating Spanish, German, and French texts from and to English","We are further focusing on the shared task of the workshop on Statistical Machine Translation, which took place last year (Koehn and Monz, 2006) and consisted in translating Spanish, German, and French texts from and to English",'1',"<S ssid=""1"" sid=""1"">Adequacy (rank) Fluency (rank) BLEU (rank) upc-jmc (1-7) (1-8) (1-6) lcc (1-6) (1-7) (1-4) utd (1-7) (1-6) (2-7) upc-mr (1-8) (1-6) (1-7) nrc (1-7) (2-6) (8) ntt (1-8) (2-8) (1-7) cmu (3-7) (4-8) (2-7) rali (5-8) (3-9) (3-7) systran (9) (8-9) (10) upv (10) (10) (9) Spanish-English (In Domain) Adequacy (rank) Fluency (rank) BLEU (rank) upc-jmc (1-7) (1-6) (1-5) ntt (1-7) (1-8) (1-5) lcc (1-8) (2-8) (1-4) utd (1-8) (2-7) (1-5) nrc (2-8) (1-9) (6) upc-mr (1-8) (1-6) (7) uedin-birch (1-8) (2-10) (8) rali (3-9) (3-9) (2-5) upc-jg (7-9) (6-9) (9) upv (10) (9-10) (10) German-English (In Domain) Adequacy (rank) Fluency (rank) BLEU (rank) uedin-phi (1-2) (1) (1) lcc (2-7) (2-7) (2) nrc (2-7) (2-6) (5-7) utd (3-7) (2-8) (3-4) ntt (2-9) (2-8) (3-4) upc-mr (3-9) (6-9) (8) rali (4-9) (3-9) (5-7) upc-jmc (2-9) (3-9) (5-7) systran (3-9) (3-9) (10) upv (10) (10) (9) Figure 7: Evaluation of translation to English on in-domain test data 112 English-French (In Domain) Adequacy (rank) Fluency (rank) BLEU (rank) nrc (1-5) (1-5) (1-6) upc-mr (1-4) (1-5) (1-6) upc-jmc (1-6) (1-6) (1-5) systran (2-7) (1-6) (7) utd (3-7) (3-7) (3-6) rali (1-7) (2-7) (1-6) ntt (4-7) (4-7) (1-5) English-Spanish (In Domain) Adequacy (rank) Fluency (rank) BLEU (rank) ms (1-5) (1-7) (7-8) upc-mr (1-4) (1-5) (1-4) utd (1-5) (1-6) (1-4) nrc (2-7) (1-6) (5-6) ntt (3-7) (1-6) (1-4) upc-jmc (2-7) (2-7) (1-4) rali (5-8) (6-8) (5-6) uedin-birch (6-9) (6-10) (7-8) upc-jg (9) (8-10) (9) upv (9-10) (8-10) (10) English-German (In Domain) Adequacy (rank) Fluency (rank) BLEU (rank) upc-mr (1-3) (1-5) (3-5) ntt (1-5) (2-6) (1-3) upc-jmc (1-5) (1-4) (1-3) nrc (2-4) (1-5) (4-5) rali (3-6) (2-6) (1-4) systran (5-6) (3-6) (7) upv (7) (7) (6) Figure 8: Evaluation of translation from English on in-domain test data 113 French-English (Out of Domain) Adequacy (rank) Fluency (rank) BLEU (rank) upc-jmc (1-5) (1-8) (1-4) cmu (1-8) (1-9) (4-7) systran (1-8) (1-7) (9) lcc (1-9) (1-9) (1-5) upc-mr (2-8) (1-7) (1-3) utd (1-9) (1-8) (3-7) ntt (3-9) (1-9) (3-7) nrc (3-8) (3-9) (3-7) rali (4-9) (5-9) (8) upv (10) (10) (10) Spanish-English (Out of Domain) Adequacy (rank) Fluency (rank) BLEU (rank) upc-jmc (1-2) (1-6) (1-3) uedin-birch (1-7) (1-6) (5-8) nrc (2-8) (1-8) (5-7) ntt (2-7) (2-6) (3-4) upc-mr (2-8) (1-7) (5-8) lcc (4-9) (3-7) (1-4) utd (2-9) (2-8) (1-3) upc-jg (4-9) (7-9) (9) rali (4-9) (6-9) (6-8) upv (10) (10) (10) German-English (Out of Domain) Adequacy (rank) Fluency (rank) BLEU (rank) systran (1-4) (1-4) (7-9) uedin-phi (1-6) (1-7) (1) lcc (1-6) (1-7) (2-3) utd (2-7) (2-6) (4-6) ntt (1-9) (1-7) (3-5) nrc (3-8) (2-8) (7-8) upc-mr (4-8) (6-8) (4-6) upc-jmc (4-8) (3-9) (2-5) rali (8-9) (8-9) (8-9) upv (10) (10) (10) Figure 9: Evaluation of translation to English on out-of-domain test data 114 English-French (Out of Domain) Adequacy (rank) Fluency (rank) BLEU (rank) systran (1) (1) (1) upc-jmc (2-5) (2-4) (2-6) upc-mr (2-4) (2-4) (2-6) utd (2-6) (2-6) (7) rali (4-7) (5-7) (2-6) nrc (4-7) (4-7) (2-5) ntt (4-7) (4-7) (3-6) English-Spanish (Out of Domain) Adequacy (rank) Fluency (rank) BLEU (rank) upc-mr (1-3) (1-6) (1-2) ms (1-7) (1-8) (6-7) utd (2-6) (1-7) (3-5) nrc (1-6) (2-7) (3-5) upc-jmc (2-7) (1-6) (3-5) ntt (2-7) (1-7) (1-2) rali (6-8) (4-8) (6-8) uedin-birch (6-10) (5-9) (7-8) upc-jg (8-9) (9-10) (9) upv (9) (8-9) (10) English-German (Out of Domain) Adequacy (rank) Fluency (rank) BLEU (rank) systran (1) (1-2) (1-6) upc-mr (2-3) (1-3) (1-5) upc-jmc (2-3) (3-6) (1-6) rali (4-6) (4-6) (1-6) nrc (4-6) (2-6) (2-6) ntt (4-6) (3-5) (1-6) upv (7) (7) (7) Figure 10: Evaluation of translation from English on out-of-domain test data 115 French-English In domain Out of Domain Adequacy Adequacy 0.3 0.3 • 0.2 0.2 0.1 0.1 -0.0 -0.0 -0.1 -0.1 -0.2 -0.2 -0.3 -0.3 -0.4 -0.4 -0.5 -0.5 -0.6 -0.6 -0.7 -0.7 •upv -0.8 -0.8 21 22 23 24 25 26 27 28 29 30 31 15 16 17 18 19 20 21 22 •upv •systran upcntt • rali upc-jmc • cc Fluency 0.2 0.1 -0.0 -0.1 -0.2 -0.3 -0.4 •upv -0.5 •systran •upv upc -jmc • Fluency 0.2 0.1 -0.0 -0.1 -0.2 -0.3 -0.4 -0.5 -0.6 • • • td t cc upc- • rali 21 22 23 24 25 26 27 28 29 30 31 15 16 17 18 19 20 21 22 Figure 11: Correlation between manual and automatic scores for French-English 116 Spanish-English Figure 12: Correlation between manual and automatic scores for Spanish-English -0.3 -0.4 0.2 0.1 -0.0 -0.1 -0.2 -0.3 -0.4 -0.5 •upv -0.4 •upv -0.3 In Domain •upc-jg Adequacy 0.3 0.2 0.1 -0.0 -0.1 -0.2 Out of Domain •upc-jmc •nrc •ntt Adequacy upc-jmc • • •lcc • rali • •rali -0.7 -0.5 -0.6 •upv 23 24 25 26 27 28 29 30 31 32 19 20 21 22 23 24 25 26 27 28 • •rali Fluency 0.2 0.1 -0.0 -0.1 -0.2 ntt • upc-mr •lcc •utd •upc-jg •rali Fluency 0.2 0.1 -0.0 -0.1 -0.2 -0.3 -0.4 •upc-jmc • uedin-birch -0.5 -0.5 •upv 23 24 25 26 27 28 29 30 31 32 19 20 21 22 23 24 25 26 27 28 117 In Domain Out of Domain Adequacy Adequacy German-English 15 16 17 18 19 20 21 22 23 24 25 26 27 0.4 0.3 0.2 0.1 -0.0 -0.1 -0.2 -0.3 -0.4 -0.5 -0.6 lcc • upc-jmc •systran •upv Fluency •ula •upc-mr •lcc 15 16 17 18 19 20 21 22 23 24 25 26 27 0.4 0.3 0.2 0.1 -0.0 -0.1 -0.2 -0.3 -0.4 •systran •upv •uedin-phi -jmc •rali •systran -0.3 -0.4 -0.5 -0.6 •upv 12 13 14 15 16 17 18 19 20 0.4 0.3 0.2 0.1 -0.0 -0.1 -0.2 Fluency uedin-phi • • •utd •upc-jmc •upc-mr 0.4 •rali -0.3 -0.4 -0.5 •upv 12 13 14 15 16 17 18 19 20 0.3 0.2 0.1 -0.0 -0.1 -0.2 English-French In Domain Out of Domain Adequacy Adequacy .</S>",['method_citation']
3,W06-3114,C08-1074,0,"Koehn and Monz, 2006",0,"For our training and test data we used the English-French subset of the Europarl corpus provided for the shared task (Koehn and Monz, 2006) at the Statistical Machine Translation workshop held in conjunction with the 2006 HLT-NAACL conference","For our training and test data we used the English-French subset of the Europarl corpus provided for the shared task (Koehn and Monz, 2006) at the Statistical Machine Translation workshop held in conjunction with the 2006 HLT-NAACL conference",'1',"<S ssid=""1"" sid=""1"">Adequacy (rank) Fluency (rank) BLEU (rank) upc-jmc (1-7) (1-8) (1-6) lcc (1-6) (1-7) (1-4) utd (1-7) (1-6) (2-7) upc-mr (1-8) (1-6) (1-7) nrc (1-7) (2-6) (8) ntt (1-8) (2-8) (1-7) cmu (3-7) (4-8) (2-7) rali (5-8) (3-9) (3-7) systran (9) (8-9) (10) upv (10) (10) (9) Spanish-English (In Domain) Adequacy (rank) Fluency (rank) BLEU (rank) upc-jmc (1-7) (1-6) (1-5) ntt (1-7) (1-8) (1-5) lcc (1-8) (2-8) (1-4) utd (1-8) (2-7) (1-5) nrc (2-8) (1-9) (6) upc-mr (1-8) (1-6) (7) uedin-birch (1-8) (2-10) (8) rali (3-9) (3-9) (2-5) upc-jg (7-9) (6-9) (9) upv (10) (9-10) (10) German-English (In Domain) Adequacy (rank) Fluency (rank) BLEU (rank) uedin-phi (1-2) (1) (1) lcc (2-7) (2-7) (2) nrc (2-7) (2-6) (5-7) utd (3-7) (2-8) (3-4) ntt (2-9) (2-8) (3-4) upc-mr (3-9) (6-9) (8) rali (4-9) (3-9) (5-7) upc-jmc (2-9) (3-9) (5-7) systran (3-9) (3-9) (10) upv (10) (10) (9) Figure 7: Evaluation of translation to English on in-domain test data 112 English-French (In Domain) Adequacy (rank) Fluency (rank) BLEU (rank) nrc (1-5) (1-5) (1-6) upc-mr (1-4) (1-5) (1-6) upc-jmc (1-6) (1-6) (1-5) systran (2-7) (1-6) (7) utd (3-7) (3-7) (3-6) rali (1-7) (2-7) (1-6) ntt (4-7) (4-7) (1-5) English-Spanish (In Domain) Adequacy (rank) Fluency (rank) BLEU (rank) ms (1-5) (1-7) (7-8) upc-mr (1-4) (1-5) (1-4) utd (1-5) (1-6) (1-4) nrc (2-7) (1-6) (5-6) ntt (3-7) (1-6) (1-4) upc-jmc (2-7) (2-7) (1-4) rali (5-8) (6-8) (5-6) uedin-birch (6-9) (6-10) (7-8) upc-jg (9) (8-10) (9) upv (9-10) (8-10) (10) English-German (In Domain) Adequacy (rank) Fluency (rank) BLEU (rank) upc-mr (1-3) (1-5) (3-5) ntt (1-5) (2-6) (1-3) upc-jmc (1-5) (1-4) (1-3) nrc (2-4) (1-5) (4-5) rali (3-6) (2-6) (1-4) systran (5-6) (3-6) (7) upv (7) (7) (6) Figure 8: Evaluation of translation from English on in-domain test data 113 French-English (Out of Domain) Adequacy (rank) Fluency (rank) BLEU (rank) upc-jmc (1-5) (1-8) (1-4) cmu (1-8) (1-9) (4-7) systran (1-8) (1-7) (9) lcc (1-9) (1-9) (1-5) upc-mr (2-8) (1-7) (1-3) utd (1-9) (1-8) (3-7) ntt (3-9) (1-9) (3-7) nrc (3-8) (3-9) (3-7) rali (4-9) (5-9) (8) upv (10) (10) (10) Spanish-English (Out of Domain) Adequacy (rank) Fluency (rank) BLEU (rank) upc-jmc (1-2) (1-6) (1-3) uedin-birch (1-7) (1-6) (5-8) nrc (2-8) (1-8) (5-7) ntt (2-7) (2-6) (3-4) upc-mr (2-8) (1-7) (5-8) lcc (4-9) (3-7) (1-4) utd (2-9) (2-8) (1-3) upc-jg (4-9) (7-9) (9) rali (4-9) (6-9) (6-8) upv (10) (10) (10) German-English (Out of Domain) Adequacy (rank) Fluency (rank) BLEU (rank) systran (1-4) (1-4) (7-9) uedin-phi (1-6) (1-7) (1) lcc (1-6) (1-7) (2-3) utd (2-7) (2-6) (4-6) ntt (1-9) (1-7) (3-5) nrc (3-8) (2-8) (7-8) upc-mr (4-8) (6-8) (4-6) upc-jmc (4-8) (3-9) (2-5) rali (8-9) (8-9) (8-9) upv (10) (10) (10) Figure 9: Evaluation of translation to English on out-of-domain test data 114 English-French (Out of Domain) Adequacy (rank) Fluency (rank) BLEU (rank) systran (1) (1) (1) upc-jmc (2-5) (2-4) (2-6) upc-mr (2-4) (2-4) (2-6) utd (2-6) (2-6) (7) rali (4-7) (5-7) (2-6) nrc (4-7) (4-7) (2-5) ntt (4-7) (4-7) (3-6) English-Spanish (Out of Domain) Adequacy (rank) Fluency (rank) BLEU (rank) upc-mr (1-3) (1-6) (1-2) ms (1-7) (1-8) (6-7) utd (2-6) (1-7) (3-5) nrc (1-6) (2-7) (3-5) upc-jmc (2-7) (1-6) (3-5) ntt (2-7) (1-7) (1-2) rali (6-8) (4-8) (6-8) uedin-birch (6-10) (5-9) (7-8) upc-jg (8-9) (9-10) (9) upv (9) (8-9) (10) English-German (Out of Domain) Adequacy (rank) Fluency (rank) BLEU (rank) systran (1) (1-2) (1-6) upc-mr (2-3) (1-3) (1-5) upc-jmc (2-3) (3-6) (1-6) rali (4-6) (4-6) (1-6) nrc (4-6) (2-6) (2-6) ntt (4-6) (3-5) (1-6) upv (7) (7) (7) Figure 10: Evaluation of translation from English on out-of-domain test data 115 French-English In domain Out of Domain Adequacy Adequacy 0.3 0.3 • 0.2 0.2 0.1 0.1 -0.0 -0.0 -0.1 -0.1 -0.2 -0.2 -0.3 -0.3 -0.4 -0.4 -0.5 -0.5 -0.6 -0.6 -0.7 -0.7 •upv -0.8 -0.8 21 22 23 24 25 26 27 28 29 30 31 15 16 17 18 19 20 21 22 •upv •systran upcntt • rali upc-jmc • cc Fluency 0.2 0.1 -0.0 -0.1 -0.2 -0.3 -0.4 •upv -0.5 •systran •upv upc -jmc • Fluency 0.2 0.1 -0.0 -0.1 -0.2 -0.3 -0.4 -0.5 -0.6 • • • td t cc upc- • rali 21 22 23 24 25 26 27 28 29 30 31 15 16 17 18 19 20 21 22 Figure 11: Correlation between manual and automatic scores for French-English 116 Spanish-English Figure 12: Correlation between manual and automatic scores for Spanish-English -0.3 -0.4 0.2 0.1 -0.0 -0.1 -0.2 -0.3 -0.4 -0.5 •upv -0.4 •upv -0.3 In Domain •upc-jg Adequacy 0.3 0.2 0.1 -0.0 -0.1 -0.2 Out of Domain •upc-jmc •nrc •ntt Adequacy upc-jmc • • •lcc • rali • •rali -0.7 -0.5 -0.6 •upv 23 24 25 26 27 28 29 30 31 32 19 20 21 22 23 24 25 26 27 28 • •rali Fluency 0.2 0.1 -0.0 -0.1 -0.2 ntt • upc-mr •lcc •utd •upc-jg •rali Fluency 0.2 0.1 -0.0 -0.1 -0.2 -0.3 -0.4 •upc-jmc • uedin-birch -0.5 -0.5 •upv 23 24 25 26 27 28 29 30 31 32 19 20 21 22 23 24 25 26 27 28 117 In Domain Out of Domain Adequacy Adequacy German-English 15 16 17 18 19 20 21 22 23 24 25 26 27 0.4 0.3 0.2 0.1 -0.0 -0.1 -0.2 -0.3 -0.4 -0.5 -0.6 lcc • upc-jmc •systran •upv Fluency •ula •upc-mr •lcc 15 16 17 18 19 20 21 22 23 24 25 26 27 0.4 0.3 0.2 0.1 -0.0 -0.1 -0.2 -0.3 -0.4 •systran •upv •uedin-phi -jmc •rali •systran -0.3 -0.4 -0.5 -0.6 •upv 12 13 14 15 16 17 18 19 20 0.4 0.3 0.2 0.1 -0.0 -0.1 -0.2 Fluency uedin-phi • • •utd •upc-jmc •upc-mr 0.4 •rali -0.3 -0.4 -0.5 •upv 12 13 14 15 16 17 18 19 20 0.3 0.2 0.1 -0.0 -0.1 -0.2 English-French In Domain Out of Domain Adequacy Adequacy .</S>",['method_citation']
4,W06-3114,W07-0718,0,"Koehn and Monz, 2006",0,"The results of last year? s workshop further suggested that Bleu systematically underestimated the quality of rule-based machine translation systems (Koehn and Monz, 2006)","The results of last year's workshop further suggested that Bleu systematically underestimated the quality of rule-based machine translation systems (Koehn and Monz, 2006)",'1',"<S ssid=""1"" sid=""1"">Adequacy (rank) Fluency (rank) BLEU (rank) upc-jmc (1-7) (1-8) (1-6) lcc (1-6) (1-7) (1-4) utd (1-7) (1-6) (2-7) upc-mr (1-8) (1-6) (1-7) nrc (1-7) (2-6) (8) ntt (1-8) (2-8) (1-7) cmu (3-7) (4-8) (2-7) rali (5-8) (3-9) (3-7) systran (9) (8-9) (10) upv (10) (10) (9) Spanish-English (In Domain) Adequacy (rank) Fluency (rank) BLEU (rank) upc-jmc (1-7) (1-6) (1-5) ntt (1-7) (1-8) (1-5) lcc (1-8) (2-8) (1-4) utd (1-8) (2-7) (1-5) nrc (2-8) (1-9) (6) upc-mr (1-8) (1-6) (7) uedin-birch (1-8) (2-10) (8) rali (3-9) (3-9) (2-5) upc-jg (7-9) (6-9) (9) upv (10) (9-10) (10) German-English (In Domain) Adequacy (rank) Fluency (rank) BLEU (rank) uedin-phi (1-2) (1) (1) lcc (2-7) (2-7) (2) nrc (2-7) (2-6) (5-7) utd (3-7) (2-8) (3-4) ntt (2-9) (2-8) (3-4) upc-mr (3-9) (6-9) (8) rali (4-9) (3-9) (5-7) upc-jmc (2-9) (3-9) (5-7) systran (3-9) (3-9) (10) upv (10) (10) (9) Figure 7: Evaluation of translation to English on in-domain test data 112 English-French (In Domain) Adequacy (rank) Fluency (rank) BLEU (rank) nrc (1-5) (1-5) (1-6) upc-mr (1-4) (1-5) (1-6) upc-jmc (1-6) (1-6) (1-5) systran (2-7) (1-6) (7) utd (3-7) (3-7) (3-6) rali (1-7) (2-7) (1-6) ntt (4-7) (4-7) (1-5) English-Spanish (In Domain) Adequacy (rank) Fluency (rank) BLEU (rank) ms (1-5) (1-7) (7-8) upc-mr (1-4) (1-5) (1-4) utd (1-5) (1-6) (1-4) nrc (2-7) (1-6) (5-6) ntt (3-7) (1-6) (1-4) upc-jmc (2-7) (2-7) (1-4) rali (5-8) (6-8) (5-6) uedin-birch (6-9) (6-10) (7-8) upc-jg (9) (8-10) (9) upv (9-10) (8-10) (10) English-German (In Domain) Adequacy (rank) Fluency (rank) BLEU (rank) upc-mr (1-3) (1-5) (3-5) ntt (1-5) (2-6) (1-3) upc-jmc (1-5) (1-4) (1-3) nrc (2-4) (1-5) (4-5) rali (3-6) (2-6) (1-4) systran (5-6) (3-6) (7) upv (7) (7) (6) Figure 8: Evaluation of translation from English on in-domain test data 113 French-English (Out of Domain) Adequacy (rank) Fluency (rank) BLEU (rank) upc-jmc (1-5) (1-8) (1-4) cmu (1-8) (1-9) (4-7) systran (1-8) (1-7) (9) lcc (1-9) (1-9) (1-5) upc-mr (2-8) (1-7) (1-3) utd (1-9) (1-8) (3-7) ntt (3-9) (1-9) (3-7) nrc (3-8) (3-9) (3-7) rali (4-9) (5-9) (8) upv (10) (10) (10) Spanish-English (Out of Domain) Adequacy (rank) Fluency (rank) BLEU (rank) upc-jmc (1-2) (1-6) (1-3) uedin-birch (1-7) (1-6) (5-8) nrc (2-8) (1-8) (5-7) ntt (2-7) (2-6) (3-4) upc-mr (2-8) (1-7) (5-8) lcc (4-9) (3-7) (1-4) utd (2-9) (2-8) (1-3) upc-jg (4-9) (7-9) (9) rali (4-9) (6-9) (6-8) upv (10) (10) (10) German-English (Out of Domain) Adequacy (rank) Fluency (rank) BLEU (rank) systran (1-4) (1-4) (7-9) uedin-phi (1-6) (1-7) (1) lcc (1-6) (1-7) (2-3) utd (2-7) (2-6) (4-6) ntt (1-9) (1-7) (3-5) nrc (3-8) (2-8) (7-8) upc-mr (4-8) (6-8) (4-6) upc-jmc (4-8) (3-9) (2-5) rali (8-9) (8-9) (8-9) upv (10) (10) (10) Figure 9: Evaluation of translation to English on out-of-domain test data 114 English-French (Out of Domain) Adequacy (rank) Fluency (rank) BLEU (rank) systran (1) (1) (1) upc-jmc (2-5) (2-4) (2-6) upc-mr (2-4) (2-4) (2-6) utd (2-6) (2-6) (7) rali (4-7) (5-7) (2-6) nrc (4-7) (4-7) (2-5) ntt (4-7) (4-7) (3-6) English-Spanish (Out of Domain) Adequacy (rank) Fluency (rank) BLEU (rank) upc-mr (1-3) (1-6) (1-2) ms (1-7) (1-8) (6-7) utd (2-6) (1-7) (3-5) nrc (1-6) (2-7) (3-5) upc-jmc (2-7) (1-6) (3-5) ntt (2-7) (1-7) (1-2) rali (6-8) (4-8) (6-8) uedin-birch (6-10) (5-9) (7-8) upc-jg (8-9) (9-10) (9) upv (9) (8-9) (10) English-German (Out of Domain) Adequacy (rank) Fluency (rank) BLEU (rank) systran (1) (1-2) (1-6) upc-mr (2-3) (1-3) (1-5) upc-jmc (2-3) (3-6) (1-6) rali (4-6) (4-6) (1-6) nrc (4-6) (2-6) (2-6) ntt (4-6) (3-5) (1-6) upv (7) (7) (7) Figure 10: Evaluation of translation from English on out-of-domain test data 115 French-English In domain Out of Domain Adequacy Adequacy 0.3 0.3 • 0.2 0.2 0.1 0.1 -0.0 -0.0 -0.1 -0.1 -0.2 -0.2 -0.3 -0.3 -0.4 -0.4 -0.5 -0.5 -0.6 -0.6 -0.7 -0.7 •upv -0.8 -0.8 21 22 23 24 25 26 27 28 29 30 31 15 16 17 18 19 20 21 22 •upv •systran upcntt • rali upc-jmc • cc Fluency 0.2 0.1 -0.0 -0.1 -0.2 -0.3 -0.4 •upv -0.5 •systran •upv upc -jmc • Fluency 0.2 0.1 -0.0 -0.1 -0.2 -0.3 -0.4 -0.5 -0.6 • • • td t cc upc- • rali 21 22 23 24 25 26 27 28 29 30 31 15 16 17 18 19 20 21 22 Figure 11: Correlation between manual and automatic scores for French-English 116 Spanish-English Figure 12: Correlation between manual and automatic scores for Spanish-English -0.3 -0.4 0.2 0.1 -0.0 -0.1 -0.2 -0.3 -0.4 -0.5 •upv -0.4 •upv -0.3 In Domain •upc-jg Adequacy 0.3 0.2 0.1 -0.0 -0.1 -0.2 Out of Domain •upc-jmc •nrc •ntt Adequacy upc-jmc • • •lcc • rali • •rali -0.7 -0.5 -0.6 •upv 23 24 25 26 27 28 29 30 31 32 19 20 21 22 23 24 25 26 27 28 • •rali Fluency 0.2 0.1 -0.0 -0.1 -0.2 ntt • upc-mr •lcc •utd •upc-jg •rali Fluency 0.2 0.1 -0.0 -0.1 -0.2 -0.3 -0.4 •upc-jmc • uedin-birch -0.5 -0.5 •upv 23 24 25 26 27 28 29 30 31 32 19 20 21 22 23 24 25 26 27 28 117 In Domain Out of Domain Adequacy Adequacy German-English 15 16 17 18 19 20 21 22 23 24 25 26 27 0.4 0.3 0.2 0.1 -0.0 -0.1 -0.2 -0.3 -0.4 -0.5 -0.6 lcc • upc-jmc •systran •upv Fluency •ula •upc-mr •lcc 15 16 17 18 19 20 21 22 23 24 25 26 27 0.4 0.3 0.2 0.1 -0.0 -0.1 -0.2 -0.3 -0.4 •systran •upv •uedin-phi -jmc •rali •systran -0.3 -0.4 -0.5 -0.6 •upv 12 13 14 15 16 17 18 19 20 0.4 0.3 0.2 0.1 -0.0 -0.1 -0.2 Fluency uedin-phi • • •utd •upc-jmc •upc-mr 0.4 •rali -0.3 -0.4 -0.5 •upv 12 13 14 15 16 17 18 19 20 0.3 0.2 0.1 -0.0 -0.1 -0.2 English-French In Domain Out of Domain Adequacy Adequacy .</S>",['method_citation']
5,W06-3114,P07-1083,0,"Koehn and Monz, 2006",0,"For the bi text-based annotation, we use publicly available word alignments from the Europarl corpus, automatically generated by GIZA++ for FrenchEnglish (Fr), Spanish-English (Es) and GermanEnglish (De) (Koehn and Monz, 2006)","For the bi text-based annotation, we use publicly available word alignments from the Europarl corpus, automatically generated by GIZA++ for FrenchEnglish (Fr), Spanish-English (Es) and German-English (De) (Koehn and Monz, 2006)","'1','103'","<S ssid=""1"" sid=""1"">Adequacy (rank) Fluency (rank) BLEU (rank) upc-jmc (1-7) (1-8) (1-6) lcc (1-6) (1-7) (1-4) utd (1-7) (1-6) (2-7) upc-mr (1-8) (1-6) (1-7) nrc (1-7) (2-6) (8) ntt (1-8) (2-8) (1-7) cmu (3-7) (4-8) (2-7) rali (5-8) (3-9) (3-7) systran (9) (8-9) (10) upv (10) (10) (9) Spanish-English (In Domain) Adequacy (rank) Fluency (rank) BLEU (rank) upc-jmc (1-7) (1-6) (1-5) ntt (1-7) (1-8) (1-5) lcc (1-8) (2-8) (1-4) utd (1-8) (2-7) (1-5) nrc (2-8) (1-9) (6) upc-mr (1-8) (1-6) (7) uedin-birch (1-8) (2-10) (8) rali (3-9) (3-9) (2-5) upc-jg (7-9) (6-9) (9) upv (10) (9-10) (10) German-English (In Domain) Adequacy (rank) Fluency (rank) BLEU (rank) uedin-phi (1-2) (1) (1) lcc (2-7) (2-7) (2) nrc (2-7) (2-6) (5-7) utd (3-7) (2-8) (3-4) ntt (2-9) (2-8) (3-4) upc-mr (3-9) (6-9) (8) rali (4-9) (3-9) (5-7) upc-jmc (2-9) (3-9) (5-7) systran (3-9) (3-9) (10) upv (10) (10) (9) Figure 7: Evaluation of translation to English on in-domain test data 112 English-French (In Domain) Adequacy (rank) Fluency (rank) BLEU (rank) nrc (1-5) (1-5) (1-6) upc-mr (1-4) (1-5) (1-6) upc-jmc (1-6) (1-6) (1-5) systran (2-7) (1-6) (7) utd (3-7) (3-7) (3-6) rali (1-7) (2-7) (1-6) ntt (4-7) (4-7) (1-5) English-Spanish (In Domain) Adequacy (rank) Fluency (rank) BLEU (rank) ms (1-5) (1-7) (7-8) upc-mr (1-4) (1-5) (1-4) utd (1-5) (1-6) (1-4) nrc (2-7) (1-6) (5-6) ntt (3-7) (1-6) (1-4) upc-jmc (2-7) (2-7) (1-4) rali (5-8) (6-8) (5-6) uedin-birch (6-9) (6-10) (7-8) upc-jg (9) (8-10) (9) upv (9-10) (8-10) (10) English-German (In Domain) Adequacy (rank) Fluency (rank) BLEU (rank) upc-mr (1-3) (1-5) (3-5) ntt (1-5) (2-6) (1-3) upc-jmc (1-5) (1-4) (1-3) nrc (2-4) (1-5) (4-5) rali (3-6) (2-6) (1-4) systran (5-6) (3-6) (7) upv (7) (7) (6) Figure 8: Evaluation of translation from English on in-domain test data 113 French-English (Out of Domain) Adequacy (rank) Fluency (rank) BLEU (rank) upc-jmc (1-5) (1-8) (1-4) cmu (1-8) (1-9) (4-7) systran (1-8) (1-7) (9) lcc (1-9) (1-9) (1-5) upc-mr (2-8) (1-7) (1-3) utd (1-9) (1-8) (3-7) ntt (3-9) (1-9) (3-7) nrc (3-8) (3-9) (3-7) rali (4-9) (5-9) (8) upv (10) (10) (10) Spanish-English (Out of Domain) Adequacy (rank) Fluency (rank) BLEU (rank) upc-jmc (1-2) (1-6) (1-3) uedin-birch (1-7) (1-6) (5-8) nrc (2-8) (1-8) (5-7) ntt (2-7) (2-6) (3-4) upc-mr (2-8) (1-7) (5-8) lcc (4-9) (3-7) (1-4) utd (2-9) (2-8) (1-3) upc-jg (4-9) (7-9) (9) rali (4-9) (6-9) (6-8) upv (10) (10) (10) German-English (Out of Domain) Adequacy (rank) Fluency (rank) BLEU (rank) systran (1-4) (1-4) (7-9) uedin-phi (1-6) (1-7) (1) lcc (1-6) (1-7) (2-3) utd (2-7) (2-6) (4-6) ntt (1-9) (1-7) (3-5) nrc (3-8) (2-8) (7-8) upc-mr (4-8) (6-8) (4-6) upc-jmc (4-8) (3-9) (2-5) rali (8-9) (8-9) (8-9) upv (10) (10) (10) Figure 9: Evaluation of translation to English on out-of-domain test data 114 English-French (Out of Domain) Adequacy (rank) Fluency (rank) BLEU (rank) systran (1) (1) (1) upc-jmc (2-5) (2-4) (2-6) upc-mr (2-4) (2-4) (2-6) utd (2-6) (2-6) (7) rali (4-7) (5-7) (2-6) nrc (4-7) (4-7) (2-5) ntt (4-7) (4-7) (3-6) English-Spanish (Out of Domain) Adequacy (rank) Fluency (rank) BLEU (rank) upc-mr (1-3) (1-6) (1-2) ms (1-7) (1-8) (6-7) utd (2-6) (1-7) (3-5) nrc (1-6) (2-7) (3-5) upc-jmc (2-7) (1-6) (3-5) ntt (2-7) (1-7) (1-2) rali (6-8) (4-8) (6-8) uedin-birch (6-10) (5-9) (7-8) upc-jg (8-9) (9-10) (9) upv (9) (8-9) (10) English-German (Out of Domain) Adequacy (rank) Fluency (rank) BLEU (rank) systran (1) (1-2) (1-6) upc-mr (2-3) (1-3) (1-5) upc-jmc (2-3) (3-6) (1-6) rali (4-6) (4-6) (1-6) nrc (4-6) (2-6) (2-6) ntt (4-6) (3-5) (1-6) upv (7) (7) (7) Figure 10: Evaluation of translation from English on out-of-domain test data 115 French-English In domain Out of Domain Adequacy Adequacy 0.3 0.3 • 0.2 0.2 0.1 0.1 -0.0 -0.0 -0.1 -0.1 -0.2 -0.2 -0.3 -0.3 -0.4 -0.4 -0.5 -0.5 -0.6 -0.6 -0.7 -0.7 •upv -0.8 -0.8 21 22 23 24 25 26 27 28 29 30 31 15 16 17 18 19 20 21 22 •upv •systran upcntt • rali upc-jmc • cc Fluency 0.2 0.1 -0.0 -0.1 -0.2 -0.3 -0.4 •upv -0.5 •systran •upv upc -jmc • Fluency 0.2 0.1 -0.0 -0.1 -0.2 -0.3 -0.4 -0.5 -0.6 • • • td t cc upc- • rali 21 22 23 24 25 26 27 28 29 30 31 15 16 17 18 19 20 21 22 Figure 11: Correlation between manual and automatic scores for French-English 116 Spanish-English Figure 12: Correlation between manual and automatic scores for Spanish-English -0.3 -0.4 0.2 0.1 -0.0 -0.1 -0.2 -0.3 -0.4 -0.5 •upv -0.4 •upv -0.3 In Domain •upc-jg Adequacy 0.3 0.2 0.1 -0.0 -0.1 -0.2 Out of Domain •upc-jmc •nrc •ntt Adequacy upc-jmc • • •lcc • rali • •rali -0.7 -0.5 -0.6 •upv 23 24 25 26 27 28 29 30 31 32 19 20 21 22 23 24 25 26 27 28 • •rali Fluency 0.2 0.1 -0.0 -0.1 -0.2 ntt • upc-mr •lcc •utd •upc-jg •rali Fluency 0.2 0.1 -0.0 -0.1 -0.2 -0.3 -0.4 •upc-jmc • uedin-birch -0.5 -0.5 •upv 23 24 25 26 27 28 29 30 31 32 19 20 21 22 23 24 25 26 27 28 117 In Domain Out of Domain Adequacy Adequacy German-English 15 16 17 18 19 20 21 22 23 24 25 26 27 0.4 0.3 0.2 0.1 -0.0 -0.1 -0.2 -0.3 -0.4 -0.5 -0.6 lcc • upc-jmc •systran •upv Fluency •ula •upc-mr •lcc 15 16 17 18 19 20 21 22 23 24 25 26 27 0.4 0.3 0.2 0.1 -0.0 -0.1 -0.2 -0.3 -0.4 •systran •upv •uedin-phi -jmc •rali •systran -0.3 -0.4 -0.5 -0.6 •upv 12 13 14 15 16 17 18 19 20 0.4 0.3 0.2 0.1 -0.0 -0.1 -0.2 Fluency uedin-phi • • •utd •upc-jmc •upc-mr 0.4 •rali -0.3 -0.4 -0.5 •upv 12 13 14 15 16 17 18 19 20 0.3 0.2 0.1 -0.0 -0.1 -0.2 English-French In Domain Out of Domain Adequacy Adequacy .</S><S ssid=""1"" sid=""103"">Given a set of n sentences, we can compute the sample mean x� and sample variance s2 of the individual sentence judgements xi: The extend of the confidence interval [x−d, x+df can be computed by d = 1.96 ·�n (6) Pairwise Comparison: As for the automatic evaluation metric, we want to be able to rank different systems against each other, for which we need assessments of statistical significance on the differences between a pair of systems.</S>",['method_citation']
6,W06-3114,W07-0738,0,2006,0,"Evaluation results recently reported by Callison-Burch et al (2006) and Koehn and Monz (2006), revealed that, in certain cases, the BLEU metric may not be a reliable MTquality indicator","Evaluation results recently reported by Callison-Burch et al (2006) and Koehn and Monz (2006), revealed that, in certain cases, the BLEU metric may not be a reliable MTquality indicator",'1',"<S ssid=""1"" sid=""1"">Adequacy (rank) Fluency (rank) BLEU (rank) upc-jmc (1-7) (1-8) (1-6) lcc (1-6) (1-7) (1-4) utd (1-7) (1-6) (2-7) upc-mr (1-8) (1-6) (1-7) nrc (1-7) (2-6) (8) ntt (1-8) (2-8) (1-7) cmu (3-7) (4-8) (2-7) rali (5-8) (3-9) (3-7) systran (9) (8-9) (10) upv (10) (10) (9) Spanish-English (In Domain) Adequacy (rank) Fluency (rank) BLEU (rank) upc-jmc (1-7) (1-6) (1-5) ntt (1-7) (1-8) (1-5) lcc (1-8) (2-8) (1-4) utd (1-8) (2-7) (1-5) nrc (2-8) (1-9) (6) upc-mr (1-8) (1-6) (7) uedin-birch (1-8) (2-10) (8) rali (3-9) (3-9) (2-5) upc-jg (7-9) (6-9) (9) upv (10) (9-10) (10) German-English (In Domain) Adequacy (rank) Fluency (rank) BLEU (rank) uedin-phi (1-2) (1) (1) lcc (2-7) (2-7) (2) nrc (2-7) (2-6) (5-7) utd (3-7) (2-8) (3-4) ntt (2-9) (2-8) (3-4) upc-mr (3-9) (6-9) (8) rali (4-9) (3-9) (5-7) upc-jmc (2-9) (3-9) (5-7) systran (3-9) (3-9) (10) upv (10) (10) (9) Figure 7: Evaluation of translation to English on in-domain test data 112 English-French (In Domain) Adequacy (rank) Fluency (rank) BLEU (rank) nrc (1-5) (1-5) (1-6) upc-mr (1-4) (1-5) (1-6) upc-jmc (1-6) (1-6) (1-5) systran (2-7) (1-6) (7) utd (3-7) (3-7) (3-6) rali (1-7) (2-7) (1-6) ntt (4-7) (4-7) (1-5) English-Spanish (In Domain) Adequacy (rank) Fluency (rank) BLEU (rank) ms (1-5) (1-7) (7-8) upc-mr (1-4) (1-5) (1-4) utd (1-5) (1-6) (1-4) nrc (2-7) (1-6) (5-6) ntt (3-7) (1-6) (1-4) upc-jmc (2-7) (2-7) (1-4) rali (5-8) (6-8) (5-6) uedin-birch (6-9) (6-10) (7-8) upc-jg (9) (8-10) (9) upv (9-10) (8-10) (10) English-German (In Domain) Adequacy (rank) Fluency (rank) BLEU (rank) upc-mr (1-3) (1-5) (3-5) ntt (1-5) (2-6) (1-3) upc-jmc (1-5) (1-4) (1-3) nrc (2-4) (1-5) (4-5) rali (3-6) (2-6) (1-4) systran (5-6) (3-6) (7) upv (7) (7) (6) Figure 8: Evaluation of translation from English on in-domain test data 113 French-English (Out of Domain) Adequacy (rank) Fluency (rank) BLEU (rank) upc-jmc (1-5) (1-8) (1-4) cmu (1-8) (1-9) (4-7) systran (1-8) (1-7) (9) lcc (1-9) (1-9) (1-5) upc-mr (2-8) (1-7) (1-3) utd (1-9) (1-8) (3-7) ntt (3-9) (1-9) (3-7) nrc (3-8) (3-9) (3-7) rali (4-9) (5-9) (8) upv (10) (10) (10) Spanish-English (Out of Domain) Adequacy (rank) Fluency (rank) BLEU (rank) upc-jmc (1-2) (1-6) (1-3) uedin-birch (1-7) (1-6) (5-8) nrc (2-8) (1-8) (5-7) ntt (2-7) (2-6) (3-4) upc-mr (2-8) (1-7) (5-8) lcc (4-9) (3-7) (1-4) utd (2-9) (2-8) (1-3) upc-jg (4-9) (7-9) (9) rali (4-9) (6-9) (6-8) upv (10) (10) (10) German-English (Out of Domain) Adequacy (rank) Fluency (rank) BLEU (rank) systran (1-4) (1-4) (7-9) uedin-phi (1-6) (1-7) (1) lcc (1-6) (1-7) (2-3) utd (2-7) (2-6) (4-6) ntt (1-9) (1-7) (3-5) nrc (3-8) (2-8) (7-8) upc-mr (4-8) (6-8) (4-6) upc-jmc (4-8) (3-9) (2-5) rali (8-9) (8-9) (8-9) upv (10) (10) (10) Figure 9: Evaluation of translation to English on out-of-domain test data 114 English-French (Out of Domain) Adequacy (rank) Fluency (rank) BLEU (rank) systran (1) (1) (1) upc-jmc (2-5) (2-4) (2-6) upc-mr (2-4) (2-4) (2-6) utd (2-6) (2-6) (7) rali (4-7) (5-7) (2-6) nrc (4-7) (4-7) (2-5) ntt (4-7) (4-7) (3-6) English-Spanish (Out of Domain) Adequacy (rank) Fluency (rank) BLEU (rank) upc-mr (1-3) (1-6) (1-2) ms (1-7) (1-8) (6-7) utd (2-6) (1-7) (3-5) nrc (1-6) (2-7) (3-5) upc-jmc (2-7) (1-6) (3-5) ntt (2-7) (1-7) (1-2) rali (6-8) (4-8) (6-8) uedin-birch (6-10) (5-9) (7-8) upc-jg (8-9) (9-10) (9) upv (9) (8-9) (10) English-German (Out of Domain) Adequacy (rank) Fluency (rank) BLEU (rank) systran (1) (1-2) (1-6) upc-mr (2-3) (1-3) (1-5) upc-jmc (2-3) (3-6) (1-6) rali (4-6) (4-6) (1-6) nrc (4-6) (2-6) (2-6) ntt (4-6) (3-5) (1-6) upv (7) (7) (7) Figure 10: Evaluation of translation from English on out-of-domain test data 115 French-English In domain Out of Domain Adequacy Adequacy 0.3 0.3 • 0.2 0.2 0.1 0.1 -0.0 -0.0 -0.1 -0.1 -0.2 -0.2 -0.3 -0.3 -0.4 -0.4 -0.5 -0.5 -0.6 -0.6 -0.7 -0.7 •upv -0.8 -0.8 21 22 23 24 25 26 27 28 29 30 31 15 16 17 18 19 20 21 22 •upv •systran upcntt • rali upc-jmc • cc Fluency 0.2 0.1 -0.0 -0.1 -0.2 -0.3 -0.4 •upv -0.5 •systran •upv upc -jmc • Fluency 0.2 0.1 -0.0 -0.1 -0.2 -0.3 -0.4 -0.5 -0.6 • • • td t cc upc- • rali 21 22 23 24 25 26 27 28 29 30 31 15 16 17 18 19 20 21 22 Figure 11: Correlation between manual and automatic scores for French-English 116 Spanish-English Figure 12: Correlation between manual and automatic scores for Spanish-English -0.3 -0.4 0.2 0.1 -0.0 -0.1 -0.2 -0.3 -0.4 -0.5 •upv -0.4 •upv -0.3 In Domain •upc-jg Adequacy 0.3 0.2 0.1 -0.0 -0.1 -0.2 Out of Domain •upc-jmc •nrc •ntt Adequacy upc-jmc • • •lcc • rali • •rali -0.7 -0.5 -0.6 •upv 23 24 25 26 27 28 29 30 31 32 19 20 21 22 23 24 25 26 27 28 • •rali Fluency 0.2 0.1 -0.0 -0.1 -0.2 ntt • upc-mr •lcc •utd •upc-jg •rali Fluency 0.2 0.1 -0.0 -0.1 -0.2 -0.3 -0.4 •upc-jmc • uedin-birch -0.5 -0.5 •upv 23 24 25 26 27 28 29 30 31 32 19 20 21 22 23 24 25 26 27 28 117 In Domain Out of Domain Adequacy Adequacy German-English 15 16 17 18 19 20 21 22 23 24 25 26 27 0.4 0.3 0.2 0.1 -0.0 -0.1 -0.2 -0.3 -0.4 -0.5 -0.6 lcc • upc-jmc •systran •upv Fluency •ula •upc-mr •lcc 15 16 17 18 19 20 21 22 23 24 25 26 27 0.4 0.3 0.2 0.1 -0.0 -0.1 -0.2 -0.3 -0.4 •systran •upv •uedin-phi -jmc •rali •systran -0.3 -0.4 -0.5 -0.6 •upv 12 13 14 15 16 17 18 19 20 0.4 0.3 0.2 0.1 -0.0 -0.1 -0.2 Fluency uedin-phi • • •utd •upc-jmc •upc-mr 0.4 •rali -0.3 -0.4 -0.5 •upv 12 13 14 15 16 17 18 19 20 0.3 0.2 0.1 -0.0 -0.1 -0.2 English-French In Domain Out of Domain Adequacy Adequacy .</S>",['method_citation']
7,W06-3114,W07-0738,0,2006,0,"For instance, Callison-Burch et al (2006) and Koehn and Monz (2006) reported and analyzed several cases of strong disagreement between system rankings provided by human assessors and those produced by the BLEU metric (Papineni et al, 2001)","For instance, Callison-Burch et al (2006) and Koehn and Monz (2006) reported and analyzed several cases of strong disagreement between system rankings provided by human assessors and those produced by the BLEU metric (Papineni et al, 2001)","'1','2'","<S ssid=""1"" sid=""1"">Adequacy (rank) Fluency (rank) BLEU (rank) upc-jmc (1-7) (1-8) (1-6) lcc (1-6) (1-7) (1-4) utd (1-7) (1-6) (2-7) upc-mr (1-8) (1-6) (1-7) nrc (1-7) (2-6) (8) ntt (1-8) (2-8) (1-7) cmu (3-7) (4-8) (2-7) rali (5-8) (3-9) (3-7) systran (9) (8-9) (10) upv (10) (10) (9) Spanish-English (In Domain) Adequacy (rank) Fluency (rank) BLEU (rank) upc-jmc (1-7) (1-6) (1-5) ntt (1-7) (1-8) (1-5) lcc (1-8) (2-8) (1-4) utd (1-8) (2-7) (1-5) nrc (2-8) (1-9) (6) upc-mr (1-8) (1-6) (7) uedin-birch (1-8) (2-10) (8) rali (3-9) (3-9) (2-5) upc-jg (7-9) (6-9) (9) upv (10) (9-10) (10) German-English (In Domain) Adequacy (rank) Fluency (rank) BLEU (rank) uedin-phi (1-2) (1) (1) lcc (2-7) (2-7) (2) nrc (2-7) (2-6) (5-7) utd (3-7) (2-8) (3-4) ntt (2-9) (2-8) (3-4) upc-mr (3-9) (6-9) (8) rali (4-9) (3-9) (5-7) upc-jmc (2-9) (3-9) (5-7) systran (3-9) (3-9) (10) upv (10) (10) (9) Figure 7: Evaluation of translation to English on in-domain test data 112 English-French (In Domain) Adequacy (rank) Fluency (rank) BLEU (rank) nrc (1-5) (1-5) (1-6) upc-mr (1-4) (1-5) (1-6) upc-jmc (1-6) (1-6) (1-5) systran (2-7) (1-6) (7) utd (3-7) (3-7) (3-6) rali (1-7) (2-7) (1-6) ntt (4-7) (4-7) (1-5) English-Spanish (In Domain) Adequacy (rank) Fluency (rank) BLEU (rank) ms (1-5) (1-7) (7-8) upc-mr (1-4) (1-5) (1-4) utd (1-5) (1-6) (1-4) nrc (2-7) (1-6) (5-6) ntt (3-7) (1-6) (1-4) upc-jmc (2-7) (2-7) (1-4) rali (5-8) (6-8) (5-6) uedin-birch (6-9) (6-10) (7-8) upc-jg (9) (8-10) (9) upv (9-10) (8-10) (10) English-German (In Domain) Adequacy (rank) Fluency (rank) BLEU (rank) upc-mr (1-3) (1-5) (3-5) ntt (1-5) (2-6) (1-3) upc-jmc (1-5) (1-4) (1-3) nrc (2-4) (1-5) (4-5) rali (3-6) (2-6) (1-4) systran (5-6) (3-6) (7) upv (7) (7) (6) Figure 8: Evaluation of translation from English on in-domain test data 113 French-English (Out of Domain) Adequacy (rank) Fluency (rank) BLEU (rank) upc-jmc (1-5) (1-8) (1-4) cmu (1-8) (1-9) (4-7) systran (1-8) (1-7) (9) lcc (1-9) (1-9) (1-5) upc-mr (2-8) (1-7) (1-3) utd (1-9) (1-8) (3-7) ntt (3-9) (1-9) (3-7) nrc (3-8) (3-9) (3-7) rali (4-9) (5-9) (8) upv (10) (10) (10) Spanish-English (Out of Domain) Adequacy (rank) Fluency (rank) BLEU (rank) upc-jmc (1-2) (1-6) (1-3) uedin-birch (1-7) (1-6) (5-8) nrc (2-8) (1-8) (5-7) ntt (2-7) (2-6) (3-4) upc-mr (2-8) (1-7) (5-8) lcc (4-9) (3-7) (1-4) utd (2-9) (2-8) (1-3) upc-jg (4-9) (7-9) (9) rali (4-9) (6-9) (6-8) upv (10) (10) (10) German-English (Out of Domain) Adequacy (rank) Fluency (rank) BLEU (rank) systran (1-4) (1-4) (7-9) uedin-phi (1-6) (1-7) (1) lcc (1-6) (1-7) (2-3) utd (2-7) (2-6) (4-6) ntt (1-9) (1-7) (3-5) nrc (3-8) (2-8) (7-8) upc-mr (4-8) (6-8) (4-6) upc-jmc (4-8) (3-9) (2-5) rali (8-9) (8-9) (8-9) upv (10) (10) (10) Figure 9: Evaluation of translation to English on out-of-domain test data 114 English-French (Out of Domain) Adequacy (rank) Fluency (rank) BLEU (rank) systran (1) (1) (1) upc-jmc (2-5) (2-4) (2-6) upc-mr (2-4) (2-4) (2-6) utd (2-6) (2-6) (7) rali (4-7) (5-7) (2-6) nrc (4-7) (4-7) (2-5) ntt (4-7) (4-7) (3-6) English-Spanish (Out of Domain) Adequacy (rank) Fluency (rank) BLEU (rank) upc-mr (1-3) (1-6) (1-2) ms (1-7) (1-8) (6-7) utd (2-6) (1-7) (3-5) nrc (1-6) (2-7) (3-5) upc-jmc (2-7) (1-6) (3-5) ntt (2-7) (1-7) (1-2) rali (6-8) (4-8) (6-8) uedin-birch (6-10) (5-9) (7-8) upc-jg (8-9) (9-10) (9) upv (9) (8-9) (10) English-German (Out of Domain) Adequacy (rank) Fluency (rank) BLEU (rank) systran (1) (1-2) (1-6) upc-mr (2-3) (1-3) (1-5) upc-jmc (2-3) (3-6) (1-6) rali (4-6) (4-6) (1-6) nrc (4-6) (2-6) (2-6) ntt (4-6) (3-5) (1-6) upv (7) (7) (7) Figure 10: Evaluation of translation from English on out-of-domain test data 115 French-English In domain Out of Domain Adequacy Adequacy 0.3 0.3 • 0.2 0.2 0.1 0.1 -0.0 -0.0 -0.1 -0.1 -0.2 -0.2 -0.3 -0.3 -0.4 -0.4 -0.5 -0.5 -0.6 -0.6 -0.7 -0.7 •upv -0.8 -0.8 21 22 23 24 25 26 27 28 29 30 31 15 16 17 18 19 20 21 22 •upv •systran upcntt • rali upc-jmc • cc Fluency 0.2 0.1 -0.0 -0.1 -0.2 -0.3 -0.4 •upv -0.5 •systran •upv upc -jmc • Fluency 0.2 0.1 -0.0 -0.1 -0.2 -0.3 -0.4 -0.5 -0.6 • • • td t cc upc- • rali 21 22 23 24 25 26 27 28 29 30 31 15 16 17 18 19 20 21 22 Figure 11: Correlation between manual and automatic scores for French-English 116 Spanish-English Figure 12: Correlation between manual and automatic scores for Spanish-English -0.3 -0.4 0.2 0.1 -0.0 -0.1 -0.2 -0.3 -0.4 -0.5 •upv -0.4 •upv -0.3 In Domain •upc-jg Adequacy 0.3 0.2 0.1 -0.0 -0.1 -0.2 Out of Domain •upc-jmc •nrc •ntt Adequacy upc-jmc • • •lcc • rali • •rali -0.7 -0.5 -0.6 •upv 23 24 25 26 27 28 29 30 31 32 19 20 21 22 23 24 25 26 27 28 • •rali Fluency 0.2 0.1 -0.0 -0.1 -0.2 ntt • upc-mr •lcc •utd •upc-jg •rali Fluency 0.2 0.1 -0.0 -0.1 -0.2 -0.3 -0.4 •upc-jmc • uedin-birch -0.5 -0.5 •upv 23 24 25 26 27 28 29 30 31 32 19 20 21 22 23 24 25 26 27 28 117 In Domain Out of Domain Adequacy Adequacy German-English 15 16 17 18 19 20 21 22 23 24 25 26 27 0.4 0.3 0.2 0.1 -0.0 -0.1 -0.2 -0.3 -0.4 -0.5 -0.6 lcc • upc-jmc •systran •upv Fluency •ula •upc-mr •lcc 15 16 17 18 19 20 21 22 23 24 25 26 27 0.4 0.3 0.2 0.1 -0.0 -0.1 -0.2 -0.3 -0.4 •systran •upv •uedin-phi -jmc •rali •systran -0.3 -0.4 -0.5 -0.6 •upv 12 13 14 15 16 17 18 19 20 0.4 0.3 0.2 0.1 -0.0 -0.1 -0.2 Fluency uedin-phi • • •utd •upc-jmc •upc-mr 0.4 •rali -0.3 -0.4 -0.5 •upv 12 13 14 15 16 17 18 19 20 0.3 0.2 0.1 -0.0 -0.1 -0.2 English-French In Domain Out of Domain Adequacy Adequacy .</S><S ssid=""1"" sid=""2"">0.2 0.1 0.0 -0.1 25 26 27 28 29 30 31 32 -0.2 -0.3 •systran • ntt 0.5 0.4 0.3 0.2 0.1 0.0 -0.1 -0.2 -0.3 20 21 22 23 24 25 26 Fluency Fluency •systran •nrc rali 25 26 27 28 29 30 31 32 0.2 0.1 0.0 -0.1 -0.2 -0.3 cme p � 20 21 22 23 24 25 26 0.5 0.4 0.3 0.2 0.1 0.0 -0.1 -0.2 -0.3 Figure 14: Correlation between manual and automatic scores for English-French 119 In Domain Out of Domain •upv Adequacy -0.9 0.3 0.2 0.1 -0.0 -0.1 -0.2 -0.3 -0.4 -0.5 -0.6 -0.7 -0.8 •upv 23 24 25 26 27 28 29 30 31 32 •upc-mr •utd •upc-jmc •uedin-birch •ntt •rali •uedin-birch 16 17 18 19 20 21 22 23 24 25 26 27 Adequacy •upc-mr 0.4 0.3 0.2 0.1 -0.0 -0.1 -0.2 -0.3 -0.4 -0.5 -0.6 -0.7 -0.8 -0.9 -1.0 -1.1 English-Spanish Fluency •ntt •nrc •rali •uedin-birch -0.2 -0.3 -0.5 •upv 16 17 18 19 20 21 22 23 24 25 26 27 -0.4 nr • rali Fluency -0.4 •upc-mr utd •upc-jmc -0.5 -0.6 •upv 23 24 25 26 27 28 29 30 31 32 0.2 0.1 -0.0 -0.1 -0.2 -0.3 0.3 0.2 0.1 -0.0 -0.1 -0.6 -0.7 Figure 15: Correlation between manual and automatic scores for English-Spanish 120 English-German In Domain Out of Domain Adequacy Adequacy 0.3 0.2 0.1 -0.0 -0.1 -0.2 -0.3 -0.4 -0.5 -0.6 -0.7 -0.8 •upv -0.2 -0.3 -0.4 -0.5 -0.6 -0.7 -0.8 -0.9 •upv 0.5 0.4 •systran •upc-mr • •rali 0.3 •ntt 0.2 0.1 -0.0 -0.1 •systran •upc-mr -0.9 9 10 11 12 13 14 15 16 17 18 19 6 7 8 9 10 11 Fluency 0.2 0.1 -0.0 -0.1 -0.2 -0.3 -0.4 •upv -0.5 •upv •systran •upc-mr • Fluency 0.4 0.3 0.2 0.1 -0.0 -0.1 -0.2 -0.3 -0.4 -0.5 -0.6 •systran •ntt</S>",['method_citation']
8,W06-3114,W07-0738,0,2006,0,Wepresenta comparative study on the behavior of several metric representatives from each linguistic level in the context of some of the cases reported by Koehn and Monz (2006) and Callison-Burch et al (2006) (see Section 3),We present a comparative study on the behavior of several metric representatives from each linguistic level in the context of some of the cases reported by Koehn and Monz (2006) and Callison-Burch et al (2006) (see Section 3),"'1','2'","<S ssid=""1"" sid=""1"">Adequacy (rank) Fluency (rank) BLEU (rank) upc-jmc (1-7) (1-8) (1-6) lcc (1-6) (1-7) (1-4) utd (1-7) (1-6) (2-7) upc-mr (1-8) (1-6) (1-7) nrc (1-7) (2-6) (8) ntt (1-8) (2-8) (1-7) cmu (3-7) (4-8) (2-7) rali (5-8) (3-9) (3-7) systran (9) (8-9) (10) upv (10) (10) (9) Spanish-English (In Domain) Adequacy (rank) Fluency (rank) BLEU (rank) upc-jmc (1-7) (1-6) (1-5) ntt (1-7) (1-8) (1-5) lcc (1-8) (2-8) (1-4) utd (1-8) (2-7) (1-5) nrc (2-8) (1-9) (6) upc-mr (1-8) (1-6) (7) uedin-birch (1-8) (2-10) (8) rali (3-9) (3-9) (2-5) upc-jg (7-9) (6-9) (9) upv (10) (9-10) (10) German-English (In Domain) Adequacy (rank) Fluency (rank) BLEU (rank) uedin-phi (1-2) (1) (1) lcc (2-7) (2-7) (2) nrc (2-7) (2-6) (5-7) utd (3-7) (2-8) (3-4) ntt (2-9) (2-8) (3-4) upc-mr (3-9) (6-9) (8) rali (4-9) (3-9) (5-7) upc-jmc (2-9) (3-9) (5-7) systran (3-9) (3-9) (10) upv (10) (10) (9) Figure 7: Evaluation of translation to English on in-domain test data 112 English-French (In Domain) Adequacy (rank) Fluency (rank) BLEU (rank) nrc (1-5) (1-5) (1-6) upc-mr (1-4) (1-5) (1-6) upc-jmc (1-6) (1-6) (1-5) systran (2-7) (1-6) (7) utd (3-7) (3-7) (3-6) rali (1-7) (2-7) (1-6) ntt (4-7) (4-7) (1-5) English-Spanish (In Domain) Adequacy (rank) Fluency (rank) BLEU (rank) ms (1-5) (1-7) (7-8) upc-mr (1-4) (1-5) (1-4) utd (1-5) (1-6) (1-4) nrc (2-7) (1-6) (5-6) ntt (3-7) (1-6) (1-4) upc-jmc (2-7) (2-7) (1-4) rali (5-8) (6-8) (5-6) uedin-birch (6-9) (6-10) (7-8) upc-jg (9) (8-10) (9) upv (9-10) (8-10) (10) English-German (In Domain) Adequacy (rank) Fluency (rank) BLEU (rank) upc-mr (1-3) (1-5) (3-5) ntt (1-5) (2-6) (1-3) upc-jmc (1-5) (1-4) (1-3) nrc (2-4) (1-5) (4-5) rali (3-6) (2-6) (1-4) systran (5-6) (3-6) (7) upv (7) (7) (6) Figure 8: Evaluation of translation from English on in-domain test data 113 French-English (Out of Domain) Adequacy (rank) Fluency (rank) BLEU (rank) upc-jmc (1-5) (1-8) (1-4) cmu (1-8) (1-9) (4-7) systran (1-8) (1-7) (9) lcc (1-9) (1-9) (1-5) upc-mr (2-8) (1-7) (1-3) utd (1-9) (1-8) (3-7) ntt (3-9) (1-9) (3-7) nrc (3-8) (3-9) (3-7) rali (4-9) (5-9) (8) upv (10) (10) (10) Spanish-English (Out of Domain) Adequacy (rank) Fluency (rank) BLEU (rank) upc-jmc (1-2) (1-6) (1-3) uedin-birch (1-7) (1-6) (5-8) nrc (2-8) (1-8) (5-7) ntt (2-7) (2-6) (3-4) upc-mr (2-8) (1-7) (5-8) lcc (4-9) (3-7) (1-4) utd (2-9) (2-8) (1-3) upc-jg (4-9) (7-9) (9) rali (4-9) (6-9) (6-8) upv (10) (10) (10) German-English (Out of Domain) Adequacy (rank) Fluency (rank) BLEU (rank) systran (1-4) (1-4) (7-9) uedin-phi (1-6) (1-7) (1) lcc (1-6) (1-7) (2-3) utd (2-7) (2-6) (4-6) ntt (1-9) (1-7) (3-5) nrc (3-8) (2-8) (7-8) upc-mr (4-8) (6-8) (4-6) upc-jmc (4-8) (3-9) (2-5) rali (8-9) (8-9) (8-9) upv (10) (10) (10) Figure 9: Evaluation of translation to English on out-of-domain test data 114 English-French (Out of Domain) Adequacy (rank) Fluency (rank) BLEU (rank) systran (1) (1) (1) upc-jmc (2-5) (2-4) (2-6) upc-mr (2-4) (2-4) (2-6) utd (2-6) (2-6) (7) rali (4-7) (5-7) (2-6) nrc (4-7) (4-7) (2-5) ntt (4-7) (4-7) (3-6) English-Spanish (Out of Domain) Adequacy (rank) Fluency (rank) BLEU (rank) upc-mr (1-3) (1-6) (1-2) ms (1-7) (1-8) (6-7) utd (2-6) (1-7) (3-5) nrc (1-6) (2-7) (3-5) upc-jmc (2-7) (1-6) (3-5) ntt (2-7) (1-7) (1-2) rali (6-8) (4-8) (6-8) uedin-birch (6-10) (5-9) (7-8) upc-jg (8-9) (9-10) (9) upv (9) (8-9) (10) English-German (Out of Domain) Adequacy (rank) Fluency (rank) BLEU (rank) systran (1) (1-2) (1-6) upc-mr (2-3) (1-3) (1-5) upc-jmc (2-3) (3-6) (1-6) rali (4-6) (4-6) (1-6) nrc (4-6) (2-6) (2-6) ntt (4-6) (3-5) (1-6) upv (7) (7) (7) Figure 10: Evaluation of translation from English on out-of-domain test data 115 French-English In domain Out of Domain Adequacy Adequacy 0.3 0.3 • 0.2 0.2 0.1 0.1 -0.0 -0.0 -0.1 -0.1 -0.2 -0.2 -0.3 -0.3 -0.4 -0.4 -0.5 -0.5 -0.6 -0.6 -0.7 -0.7 •upv -0.8 -0.8 21 22 23 24 25 26 27 28 29 30 31 15 16 17 18 19 20 21 22 •upv •systran upcntt • rali upc-jmc • cc Fluency 0.2 0.1 -0.0 -0.1 -0.2 -0.3 -0.4 •upv -0.5 •systran •upv upc -jmc • Fluency 0.2 0.1 -0.0 -0.1 -0.2 -0.3 -0.4 -0.5 -0.6 • • • td t cc upc- • rali 21 22 23 24 25 26 27 28 29 30 31 15 16 17 18 19 20 21 22 Figure 11: Correlation between manual and automatic scores for French-English 116 Spanish-English Figure 12: Correlation between manual and automatic scores for Spanish-English -0.3 -0.4 0.2 0.1 -0.0 -0.1 -0.2 -0.3 -0.4 -0.5 •upv -0.4 •upv -0.3 In Domain •upc-jg Adequacy 0.3 0.2 0.1 -0.0 -0.1 -0.2 Out of Domain •upc-jmc •nrc •ntt Adequacy upc-jmc • • •lcc • rali • •rali -0.7 -0.5 -0.6 •upv 23 24 25 26 27 28 29 30 31 32 19 20 21 22 23 24 25 26 27 28 • •rali Fluency 0.2 0.1 -0.0 -0.1 -0.2 ntt • upc-mr •lcc •utd •upc-jg •rali Fluency 0.2 0.1 -0.0 -0.1 -0.2 -0.3 -0.4 •upc-jmc • uedin-birch -0.5 -0.5 •upv 23 24 25 26 27 28 29 30 31 32 19 20 21 22 23 24 25 26 27 28 117 In Domain Out of Domain Adequacy Adequacy German-English 15 16 17 18 19 20 21 22 23 24 25 26 27 0.4 0.3 0.2 0.1 -0.0 -0.1 -0.2 -0.3 -0.4 -0.5 -0.6 lcc • upc-jmc •systran •upv Fluency •ula •upc-mr •lcc 15 16 17 18 19 20 21 22 23 24 25 26 27 0.4 0.3 0.2 0.1 -0.0 -0.1 -0.2 -0.3 -0.4 •systran •upv •uedin-phi -jmc •rali •systran -0.3 -0.4 -0.5 -0.6 •upv 12 13 14 15 16 17 18 19 20 0.4 0.3 0.2 0.1 -0.0 -0.1 -0.2 Fluency uedin-phi • • •utd •upc-jmc •upc-mr 0.4 •rali -0.3 -0.4 -0.5 •upv 12 13 14 15 16 17 18 19 20 0.3 0.2 0.1 -0.0 -0.1 -0.2 English-French In Domain Out of Domain Adequacy Adequacy .</S><S ssid=""1"" sid=""2"">0.2 0.1 0.0 -0.1 25 26 27 28 29 30 31 32 -0.2 -0.3 •systran • ntt 0.5 0.4 0.3 0.2 0.1 0.0 -0.1 -0.2 -0.3 20 21 22 23 24 25 26 Fluency Fluency •systran •nrc rali 25 26 27 28 29 30 31 32 0.2 0.1 0.0 -0.1 -0.2 -0.3 cme p � 20 21 22 23 24 25 26 0.5 0.4 0.3 0.2 0.1 0.0 -0.1 -0.2 -0.3 Figure 14: Correlation between manual and automatic scores for English-French 119 In Domain Out of Domain •upv Adequacy -0.9 0.3 0.2 0.1 -0.0 -0.1 -0.2 -0.3 -0.4 -0.5 -0.6 -0.7 -0.8 •upv 23 24 25 26 27 28 29 30 31 32 •upc-mr •utd •upc-jmc •uedin-birch •ntt •rali •uedin-birch 16 17 18 19 20 21 22 23 24 25 26 27 Adequacy •upc-mr 0.4 0.3 0.2 0.1 -0.0 -0.1 -0.2 -0.3 -0.4 -0.5 -0.6 -0.7 -0.8 -0.9 -1.0 -1.1 English-Spanish Fluency •ntt •nrc •rali •uedin-birch -0.2 -0.3 -0.5 •upv 16 17 18 19 20 21 22 23 24 25 26 27 -0.4 nr • rali Fluency -0.4 •upc-mr utd •upc-jmc -0.5 -0.6 •upv 23 24 25 26 27 28 29 30 31 32 0.2 0.1 -0.0 -0.1 -0.2 -0.3 0.3 0.2 0.1 -0.0 -0.1 -0.6 -0.7 Figure 15: Correlation between manual and automatic scores for English-Spanish 120 English-German In Domain Out of Domain Adequacy Adequacy 0.3 0.2 0.1 -0.0 -0.1 -0.2 -0.3 -0.4 -0.5 -0.6 -0.7 -0.8 •upv -0.2 -0.3 -0.4 -0.5 -0.6 -0.7 -0.8 -0.9 •upv 0.5 0.4 •systran •upc-mr • •rali 0.3 •ntt 0.2 0.1 -0.0 -0.1 •systran •upc-mr -0.9 9 10 11 12 13 14 15 16 17 18 19 6 7 8 9 10 11 Fluency 0.2 0.1 -0.0 -0.1 -0.2 -0.3 -0.4 •upv -0.5 •upv •systran •upc-mr • Fluency 0.4 0.3 0.2 0.1 -0.0 -0.1 -0.2 -0.3 -0.4 -0.5 -0.6 •systran •ntt</S>",['method_citation']
9,W06-3114,W07-0738,0,2006,0,Weanalyze some of the cases reported by Koehn and Monz (2006) and Callison-Burch et al (2006),We analyze some of the cases reported by Koehn and Monz (2006) and Callison-Burch et al (2006),'1',"<S ssid=""1"" sid=""1"">Adequacy (rank) Fluency (rank) BLEU (rank) upc-jmc (1-7) (1-8) (1-6) lcc (1-6) (1-7) (1-4) utd (1-7) (1-6) (2-7) upc-mr (1-8) (1-6) (1-7) nrc (1-7) (2-6) (8) ntt (1-8) (2-8) (1-7) cmu (3-7) (4-8) (2-7) rali (5-8) (3-9) (3-7) systran (9) (8-9) (10) upv (10) (10) (9) Spanish-English (In Domain) Adequacy (rank) Fluency (rank) BLEU (rank) upc-jmc (1-7) (1-6) (1-5) ntt (1-7) (1-8) (1-5) lcc (1-8) (2-8) (1-4) utd (1-8) (2-7) (1-5) nrc (2-8) (1-9) (6) upc-mr (1-8) (1-6) (7) uedin-birch (1-8) (2-10) (8) rali (3-9) (3-9) (2-5) upc-jg (7-9) (6-9) (9) upv (10) (9-10) (10) German-English (In Domain) Adequacy (rank) Fluency (rank) BLEU (rank) uedin-phi (1-2) (1) (1) lcc (2-7) (2-7) (2) nrc (2-7) (2-6) (5-7) utd (3-7) (2-8) (3-4) ntt (2-9) (2-8) (3-4) upc-mr (3-9) (6-9) (8) rali (4-9) (3-9) (5-7) upc-jmc (2-9) (3-9) (5-7) systran (3-9) (3-9) (10) upv (10) (10) (9) Figure 7: Evaluation of translation to English on in-domain test data 112 English-French (In Domain) Adequacy (rank) Fluency (rank) BLEU (rank) nrc (1-5) (1-5) (1-6) upc-mr (1-4) (1-5) (1-6) upc-jmc (1-6) (1-6) (1-5) systran (2-7) (1-6) (7) utd (3-7) (3-7) (3-6) rali (1-7) (2-7) (1-6) ntt (4-7) (4-7) (1-5) English-Spanish (In Domain) Adequacy (rank) Fluency (rank) BLEU (rank) ms (1-5) (1-7) (7-8) upc-mr (1-4) (1-5) (1-4) utd (1-5) (1-6) (1-4) nrc (2-7) (1-6) (5-6) ntt (3-7) (1-6) (1-4) upc-jmc (2-7) (2-7) (1-4) rali (5-8) (6-8) (5-6) uedin-birch (6-9) (6-10) (7-8) upc-jg (9) (8-10) (9) upv (9-10) (8-10) (10) English-German (In Domain) Adequacy (rank) Fluency (rank) BLEU (rank) upc-mr (1-3) (1-5) (3-5) ntt (1-5) (2-6) (1-3) upc-jmc (1-5) (1-4) (1-3) nrc (2-4) (1-5) (4-5) rali (3-6) (2-6) (1-4) systran (5-6) (3-6) (7) upv (7) (7) (6) Figure 8: Evaluation of translation from English on in-domain test data 113 French-English (Out of Domain) Adequacy (rank) Fluency (rank) BLEU (rank) upc-jmc (1-5) (1-8) (1-4) cmu (1-8) (1-9) (4-7) systran (1-8) (1-7) (9) lcc (1-9) (1-9) (1-5) upc-mr (2-8) (1-7) (1-3) utd (1-9) (1-8) (3-7) ntt (3-9) (1-9) (3-7) nrc (3-8) (3-9) (3-7) rali (4-9) (5-9) (8) upv (10) (10) (10) Spanish-English (Out of Domain) Adequacy (rank) Fluency (rank) BLEU (rank) upc-jmc (1-2) (1-6) (1-3) uedin-birch (1-7) (1-6) (5-8) nrc (2-8) (1-8) (5-7) ntt (2-7) (2-6) (3-4) upc-mr (2-8) (1-7) (5-8) lcc (4-9) (3-7) (1-4) utd (2-9) (2-8) (1-3) upc-jg (4-9) (7-9) (9) rali (4-9) (6-9) (6-8) upv (10) (10) (10) German-English (Out of Domain) Adequacy (rank) Fluency (rank) BLEU (rank) systran (1-4) (1-4) (7-9) uedin-phi (1-6) (1-7) (1) lcc (1-6) (1-7) (2-3) utd (2-7) (2-6) (4-6) ntt (1-9) (1-7) (3-5) nrc (3-8) (2-8) (7-8) upc-mr (4-8) (6-8) (4-6) upc-jmc (4-8) (3-9) (2-5) rali (8-9) (8-9) (8-9) upv (10) (10) (10) Figure 9: Evaluation of translation to English on out-of-domain test data 114 English-French (Out of Domain) Adequacy (rank) Fluency (rank) BLEU (rank) systran (1) (1) (1) upc-jmc (2-5) (2-4) (2-6) upc-mr (2-4) (2-4) (2-6) utd (2-6) (2-6) (7) rali (4-7) (5-7) (2-6) nrc (4-7) (4-7) (2-5) ntt (4-7) (4-7) (3-6) English-Spanish (Out of Domain) Adequacy (rank) Fluency (rank) BLEU (rank) upc-mr (1-3) (1-6) (1-2) ms (1-7) (1-8) (6-7) utd (2-6) (1-7) (3-5) nrc (1-6) (2-7) (3-5) upc-jmc (2-7) (1-6) (3-5) ntt (2-7) (1-7) (1-2) rali (6-8) (4-8) (6-8) uedin-birch (6-10) (5-9) (7-8) upc-jg (8-9) (9-10) (9) upv (9) (8-9) (10) English-German (Out of Domain) Adequacy (rank) Fluency (rank) BLEU (rank) systran (1) (1-2) (1-6) upc-mr (2-3) (1-3) (1-5) upc-jmc (2-3) (3-6) (1-6) rali (4-6) (4-6) (1-6) nrc (4-6) (2-6) (2-6) ntt (4-6) (3-5) (1-6) upv (7) (7) (7) Figure 10: Evaluation of translation from English on out-of-domain test data 115 French-English In domain Out of Domain Adequacy Adequacy 0.3 0.3 • 0.2 0.2 0.1 0.1 -0.0 -0.0 -0.1 -0.1 -0.2 -0.2 -0.3 -0.3 -0.4 -0.4 -0.5 -0.5 -0.6 -0.6 -0.7 -0.7 •upv -0.8 -0.8 21 22 23 24 25 26 27 28 29 30 31 15 16 17 18 19 20 21 22 •upv •systran upcntt • rali upc-jmc • cc Fluency 0.2 0.1 -0.0 -0.1 -0.2 -0.3 -0.4 •upv -0.5 •systran •upv upc -jmc • Fluency 0.2 0.1 -0.0 -0.1 -0.2 -0.3 -0.4 -0.5 -0.6 • • • td t cc upc- • rali 21 22 23 24 25 26 27 28 29 30 31 15 16 17 18 19 20 21 22 Figure 11: Correlation between manual and automatic scores for French-English 116 Spanish-English Figure 12: Correlation between manual and automatic scores for Spanish-English -0.3 -0.4 0.2 0.1 -0.0 -0.1 -0.2 -0.3 -0.4 -0.5 •upv -0.4 •upv -0.3 In Domain •upc-jg Adequacy 0.3 0.2 0.1 -0.0 -0.1 -0.2 Out of Domain •upc-jmc •nrc •ntt Adequacy upc-jmc • • •lcc • rali • •rali -0.7 -0.5 -0.6 •upv 23 24 25 26 27 28 29 30 31 32 19 20 21 22 23 24 25 26 27 28 • •rali Fluency 0.2 0.1 -0.0 -0.1 -0.2 ntt • upc-mr •lcc •utd •upc-jg •rali Fluency 0.2 0.1 -0.0 -0.1 -0.2 -0.3 -0.4 •upc-jmc • uedin-birch -0.5 -0.5 •upv 23 24 25 26 27 28 29 30 31 32 19 20 21 22 23 24 25 26 27 28 117 In Domain Out of Domain Adequacy Adequacy German-English 15 16 17 18 19 20 21 22 23 24 25 26 27 0.4 0.3 0.2 0.1 -0.0 -0.1 -0.2 -0.3 -0.4 -0.5 -0.6 lcc • upc-jmc •systran •upv Fluency •ula •upc-mr •lcc 15 16 17 18 19 20 21 22 23 24 25 26 27 0.4 0.3 0.2 0.1 -0.0 -0.1 -0.2 -0.3 -0.4 •systran •upv •uedin-phi -jmc •rali •systran -0.3 -0.4 -0.5 -0.6 •upv 12 13 14 15 16 17 18 19 20 0.4 0.3 0.2 0.1 -0.0 -0.1 -0.2 Fluency uedin-phi • • •utd •upc-jmc •upc-mr 0.4 •rali -0.3 -0.4 -0.5 •upv 12 13 14 15 16 17 18 19 20 0.3 0.2 0.1 -0.0 -0.1 -0.2 English-French In Domain Out of Domain Adequacy Adequacy .</S>",['method_citation']
10,W06-3114,D07-1030,0,"Koehn and Monz, 2006",0,"We use the same method described in (Koehn and Monz, 2006) to perform the significance test","We use the same method described in (Koehn and Monz, 2006) to perform the significance test",'1',"<S ssid=""1"" sid=""1"">Adequacy (rank) Fluency (rank) BLEU (rank) upc-jmc (1-7) (1-8) (1-6) lcc (1-6) (1-7) (1-4) utd (1-7) (1-6) (2-7) upc-mr (1-8) (1-6) (1-7) nrc (1-7) (2-6) (8) ntt (1-8) (2-8) (1-7) cmu (3-7) (4-8) (2-7) rali (5-8) (3-9) (3-7) systran (9) (8-9) (10) upv (10) (10) (9) Spanish-English (In Domain) Adequacy (rank) Fluency (rank) BLEU (rank) upc-jmc (1-7) (1-6) (1-5) ntt (1-7) (1-8) (1-5) lcc (1-8) (2-8) (1-4) utd (1-8) (2-7) (1-5) nrc (2-8) (1-9) (6) upc-mr (1-8) (1-6) (7) uedin-birch (1-8) (2-10) (8) rali (3-9) (3-9) (2-5) upc-jg (7-9) (6-9) (9) upv (10) (9-10) (10) German-English (In Domain) Adequacy (rank) Fluency (rank) BLEU (rank) uedin-phi (1-2) (1) (1) lcc (2-7) (2-7) (2) nrc (2-7) (2-6) (5-7) utd (3-7) (2-8) (3-4) ntt (2-9) (2-8) (3-4) upc-mr (3-9) (6-9) (8) rali (4-9) (3-9) (5-7) upc-jmc (2-9) (3-9) (5-7) systran (3-9) (3-9) (10) upv (10) (10) (9) Figure 7: Evaluation of translation to English on in-domain test data 112 English-French (In Domain) Adequacy (rank) Fluency (rank) BLEU (rank) nrc (1-5) (1-5) (1-6) upc-mr (1-4) (1-5) (1-6) upc-jmc (1-6) (1-6) (1-5) systran (2-7) (1-6) (7) utd (3-7) (3-7) (3-6) rali (1-7) (2-7) (1-6) ntt (4-7) (4-7) (1-5) English-Spanish (In Domain) Adequacy (rank) Fluency (rank) BLEU (rank) ms (1-5) (1-7) (7-8) upc-mr (1-4) (1-5) (1-4) utd (1-5) (1-6) (1-4) nrc (2-7) (1-6) (5-6) ntt (3-7) (1-6) (1-4) upc-jmc (2-7) (2-7) (1-4) rali (5-8) (6-8) (5-6) uedin-birch (6-9) (6-10) (7-8) upc-jg (9) (8-10) (9) upv (9-10) (8-10) (10) English-German (In Domain) Adequacy (rank) Fluency (rank) BLEU (rank) upc-mr (1-3) (1-5) (3-5) ntt (1-5) (2-6) (1-3) upc-jmc (1-5) (1-4) (1-3) nrc (2-4) (1-5) (4-5) rali (3-6) (2-6) (1-4) systran (5-6) (3-6) (7) upv (7) (7) (6) Figure 8: Evaluation of translation from English on in-domain test data 113 French-English (Out of Domain) Adequacy (rank) Fluency (rank) BLEU (rank) upc-jmc (1-5) (1-8) (1-4) cmu (1-8) (1-9) (4-7) systran (1-8) (1-7) (9) lcc (1-9) (1-9) (1-5) upc-mr (2-8) (1-7) (1-3) utd (1-9) (1-8) (3-7) ntt (3-9) (1-9) (3-7) nrc (3-8) (3-9) (3-7) rali (4-9) (5-9) (8) upv (10) (10) (10) Spanish-English (Out of Domain) Adequacy (rank) Fluency (rank) BLEU (rank) upc-jmc (1-2) (1-6) (1-3) uedin-birch (1-7) (1-6) (5-8) nrc (2-8) (1-8) (5-7) ntt (2-7) (2-6) (3-4) upc-mr (2-8) (1-7) (5-8) lcc (4-9) (3-7) (1-4) utd (2-9) (2-8) (1-3) upc-jg (4-9) (7-9) (9) rali (4-9) (6-9) (6-8) upv (10) (10) (10) German-English (Out of Domain) Adequacy (rank) Fluency (rank) BLEU (rank) systran (1-4) (1-4) (7-9) uedin-phi (1-6) (1-7) (1) lcc (1-6) (1-7) (2-3) utd (2-7) (2-6) (4-6) ntt (1-9) (1-7) (3-5) nrc (3-8) (2-8) (7-8) upc-mr (4-8) (6-8) (4-6) upc-jmc (4-8) (3-9) (2-5) rali (8-9) (8-9) (8-9) upv (10) (10) (10) Figure 9: Evaluation of translation to English on out-of-domain test data 114 English-French (Out of Domain) Adequacy (rank) Fluency (rank) BLEU (rank) systran (1) (1) (1) upc-jmc (2-5) (2-4) (2-6) upc-mr (2-4) (2-4) (2-6) utd (2-6) (2-6) (7) rali (4-7) (5-7) (2-6) nrc (4-7) (4-7) (2-5) ntt (4-7) (4-7) (3-6) English-Spanish (Out of Domain) Adequacy (rank) Fluency (rank) BLEU (rank) upc-mr (1-3) (1-6) (1-2) ms (1-7) (1-8) (6-7) utd (2-6) (1-7) (3-5) nrc (1-6) (2-7) (3-5) upc-jmc (2-7) (1-6) (3-5) ntt (2-7) (1-7) (1-2) rali (6-8) (4-8) (6-8) uedin-birch (6-10) (5-9) (7-8) upc-jg (8-9) (9-10) (9) upv (9) (8-9) (10) English-German (Out of Domain) Adequacy (rank) Fluency (rank) BLEU (rank) systran (1) (1-2) (1-6) upc-mr (2-3) (1-3) (1-5) upc-jmc (2-3) (3-6) (1-6) rali (4-6) (4-6) (1-6) nrc (4-6) (2-6) (2-6) ntt (4-6) (3-5) (1-6) upv (7) (7) (7) Figure 10: Evaluation of translation from English on out-of-domain test data 115 French-English In domain Out of Domain Adequacy Adequacy 0.3 0.3 • 0.2 0.2 0.1 0.1 -0.0 -0.0 -0.1 -0.1 -0.2 -0.2 -0.3 -0.3 -0.4 -0.4 -0.5 -0.5 -0.6 -0.6 -0.7 -0.7 •upv -0.8 -0.8 21 22 23 24 25 26 27 28 29 30 31 15 16 17 18 19 20 21 22 •upv •systran upcntt • rali upc-jmc • cc Fluency 0.2 0.1 -0.0 -0.1 -0.2 -0.3 -0.4 •upv -0.5 •systran •upv upc -jmc • Fluency 0.2 0.1 -0.0 -0.1 -0.2 -0.3 -0.4 -0.5 -0.6 • • • td t cc upc- • rali 21 22 23 24 25 26 27 28 29 30 31 15 16 17 18 19 20 21 22 Figure 11: Correlation between manual and automatic scores for French-English 116 Spanish-English Figure 12: Correlation between manual and automatic scores for Spanish-English -0.3 -0.4 0.2 0.1 -0.0 -0.1 -0.2 -0.3 -0.4 -0.5 •upv -0.4 •upv -0.3 In Domain •upc-jg Adequacy 0.3 0.2 0.1 -0.0 -0.1 -0.2 Out of Domain •upc-jmc •nrc •ntt Adequacy upc-jmc • • •lcc • rali • •rali -0.7 -0.5 -0.6 •upv 23 24 25 26 27 28 29 30 31 32 19 20 21 22 23 24 25 26 27 28 • •rali Fluency 0.2 0.1 -0.0 -0.1 -0.2 ntt • upc-mr •lcc •utd •upc-jg •rali Fluency 0.2 0.1 -0.0 -0.1 -0.2 -0.3 -0.4 •upc-jmc • uedin-birch -0.5 -0.5 •upv 23 24 25 26 27 28 29 30 31 32 19 20 21 22 23 24 25 26 27 28 117 In Domain Out of Domain Adequacy Adequacy German-English 15 16 17 18 19 20 21 22 23 24 25 26 27 0.4 0.3 0.2 0.1 -0.0 -0.1 -0.2 -0.3 -0.4 -0.5 -0.6 lcc • upc-jmc •systran •upv Fluency •ula •upc-mr •lcc 15 16 17 18 19 20 21 22 23 24 25 26 27 0.4 0.3 0.2 0.1 -0.0 -0.1 -0.2 -0.3 -0.4 •systran •upv •uedin-phi -jmc •rali •systran -0.3 -0.4 -0.5 -0.6 •upv 12 13 14 15 16 17 18 19 20 0.4 0.3 0.2 0.1 -0.0 -0.1 -0.2 Fluency uedin-phi • • •utd •upc-jmc •upc-mr 0.4 •rali -0.3 -0.4 -0.5 •upv 12 13 14 15 16 17 18 19 20 0.3 0.2 0.1 -0.0 -0.1 -0.2 English-French In Domain Out of Domain Adequacy Adequacy .</S>",['method_citation']
11,W06-3114,D07-1030,0,"Koehn and Monz, 2016",0,"We also manually evaluated the RBMT systems and SMT systems in terms of both adequacy and fluency as defined in (Koehn and Monz, 2006)","We also manually evaluated the RBMT systems and SMT systems in terms of both adequacy and fluency as defined in (Koehn and Monz, 2006)",'1',"<S ssid=""1"" sid=""1"">Adequacy (rank) Fluency (rank) BLEU (rank) upc-jmc (1-7) (1-8) (1-6) lcc (1-6) (1-7) (1-4) utd (1-7) (1-6) (2-7) upc-mr (1-8) (1-6) (1-7) nrc (1-7) (2-6) (8) ntt (1-8) (2-8) (1-7) cmu (3-7) (4-8) (2-7) rali (5-8) (3-9) (3-7) systran (9) (8-9) (10) upv (10) (10) (9) Spanish-English (In Domain) Adequacy (rank) Fluency (rank) BLEU (rank) upc-jmc (1-7) (1-6) (1-5) ntt (1-7) (1-8) (1-5) lcc (1-8) (2-8) (1-4) utd (1-8) (2-7) (1-5) nrc (2-8) (1-9) (6) upc-mr (1-8) (1-6) (7) uedin-birch (1-8) (2-10) (8) rali (3-9) (3-9) (2-5) upc-jg (7-9) (6-9) (9) upv (10) (9-10) (10) German-English (In Domain) Adequacy (rank) Fluency (rank) BLEU (rank) uedin-phi (1-2) (1) (1) lcc (2-7) (2-7) (2) nrc (2-7) (2-6) (5-7) utd (3-7) (2-8) (3-4) ntt (2-9) (2-8) (3-4) upc-mr (3-9) (6-9) (8) rali (4-9) (3-9) (5-7) upc-jmc (2-9) (3-9) (5-7) systran (3-9) (3-9) (10) upv (10) (10) (9) Figure 7: Evaluation of translation to English on in-domain test data 112 English-French (In Domain) Adequacy (rank) Fluency (rank) BLEU (rank) nrc (1-5) (1-5) (1-6) upc-mr (1-4) (1-5) (1-6) upc-jmc (1-6) (1-6) (1-5) systran (2-7) (1-6) (7) utd (3-7) (3-7) (3-6) rali (1-7) (2-7) (1-6) ntt (4-7) (4-7) (1-5) English-Spanish (In Domain) Adequacy (rank) Fluency (rank) BLEU (rank) ms (1-5) (1-7) (7-8) upc-mr (1-4) (1-5) (1-4) utd (1-5) (1-6) (1-4) nrc (2-7) (1-6) (5-6) ntt (3-7) (1-6) (1-4) upc-jmc (2-7) (2-7) (1-4) rali (5-8) (6-8) (5-6) uedin-birch (6-9) (6-10) (7-8) upc-jg (9) (8-10) (9) upv (9-10) (8-10) (10) English-German (In Domain) Adequacy (rank) Fluency (rank) BLEU (rank) upc-mr (1-3) (1-5) (3-5) ntt (1-5) (2-6) (1-3) upc-jmc (1-5) (1-4) (1-3) nrc (2-4) (1-5) (4-5) rali (3-6) (2-6) (1-4) systran (5-6) (3-6) (7) upv (7) (7) (6) Figure 8: Evaluation of translation from English on in-domain test data 113 French-English (Out of Domain) Adequacy (rank) Fluency (rank) BLEU (rank) upc-jmc (1-5) (1-8) (1-4) cmu (1-8) (1-9) (4-7) systran (1-8) (1-7) (9) lcc (1-9) (1-9) (1-5) upc-mr (2-8) (1-7) (1-3) utd (1-9) (1-8) (3-7) ntt (3-9) (1-9) (3-7) nrc (3-8) (3-9) (3-7) rali (4-9) (5-9) (8) upv (10) (10) (10) Spanish-English (Out of Domain) Adequacy (rank) Fluency (rank) BLEU (rank) upc-jmc (1-2) (1-6) (1-3) uedin-birch (1-7) (1-6) (5-8) nrc (2-8) (1-8) (5-7) ntt (2-7) (2-6) (3-4) upc-mr (2-8) (1-7) (5-8) lcc (4-9) (3-7) (1-4) utd (2-9) (2-8) (1-3) upc-jg (4-9) (7-9) (9) rali (4-9) (6-9) (6-8) upv (10) (10) (10) German-English (Out of Domain) Adequacy (rank) Fluency (rank) BLEU (rank) systran (1-4) (1-4) (7-9) uedin-phi (1-6) (1-7) (1) lcc (1-6) (1-7) (2-3) utd (2-7) (2-6) (4-6) ntt (1-9) (1-7) (3-5) nrc (3-8) (2-8) (7-8) upc-mr (4-8) (6-8) (4-6) upc-jmc (4-8) (3-9) (2-5) rali (8-9) (8-9) (8-9) upv (10) (10) (10) Figure 9: Evaluation of translation to English on out-of-domain test data 114 English-French (Out of Domain) Adequacy (rank) Fluency (rank) BLEU (rank) systran (1) (1) (1) upc-jmc (2-5) (2-4) (2-6) upc-mr (2-4) (2-4) (2-6) utd (2-6) (2-6) (7) rali (4-7) (5-7) (2-6) nrc (4-7) (4-7) (2-5) ntt (4-7) (4-7) (3-6) English-Spanish (Out of Domain) Adequacy (rank) Fluency (rank) BLEU (rank) upc-mr (1-3) (1-6) (1-2) ms (1-7) (1-8) (6-7) utd (2-6) (1-7) (3-5) nrc (1-6) (2-7) (3-5) upc-jmc (2-7) (1-6) (3-5) ntt (2-7) (1-7) (1-2) rali (6-8) (4-8) (6-8) uedin-birch (6-10) (5-9) (7-8) upc-jg (8-9) (9-10) (9) upv (9) (8-9) (10) English-German (Out of Domain) Adequacy (rank) Fluency (rank) BLEU (rank) systran (1) (1-2) (1-6) upc-mr (2-3) (1-3) (1-5) upc-jmc (2-3) (3-6) (1-6) rali (4-6) (4-6) (1-6) nrc (4-6) (2-6) (2-6) ntt (4-6) (3-5) (1-6) upv (7) (7) (7) Figure 10: Evaluation of translation from English on out-of-domain test data 115 French-English In domain Out of Domain Adequacy Adequacy 0.3 0.3 • 0.2 0.2 0.1 0.1 -0.0 -0.0 -0.1 -0.1 -0.2 -0.2 -0.3 -0.3 -0.4 -0.4 -0.5 -0.5 -0.6 -0.6 -0.7 -0.7 •upv -0.8 -0.8 21 22 23 24 25 26 27 28 29 30 31 15 16 17 18 19 20 21 22 •upv •systran upcntt • rali upc-jmc • cc Fluency 0.2 0.1 -0.0 -0.1 -0.2 -0.3 -0.4 •upv -0.5 •systran •upv upc -jmc • Fluency 0.2 0.1 -0.0 -0.1 -0.2 -0.3 -0.4 -0.5 -0.6 • • • td t cc upc- • rali 21 22 23 24 25 26 27 28 29 30 31 15 16 17 18 19 20 21 22 Figure 11: Correlation between manual and automatic scores for French-English 116 Spanish-English Figure 12: Correlation between manual and automatic scores for Spanish-English -0.3 -0.4 0.2 0.1 -0.0 -0.1 -0.2 -0.3 -0.4 -0.5 •upv -0.4 •upv -0.3 In Domain •upc-jg Adequacy 0.3 0.2 0.1 -0.0 -0.1 -0.2 Out of Domain •upc-jmc •nrc •ntt Adequacy upc-jmc • • •lcc • rali • •rali -0.7 -0.5 -0.6 •upv 23 24 25 26 27 28 29 30 31 32 19 20 21 22 23 24 25 26 27 28 • •rali Fluency 0.2 0.1 -0.0 -0.1 -0.2 ntt • upc-mr •lcc •utd •upc-jg •rali Fluency 0.2 0.1 -0.0 -0.1 -0.2 -0.3 -0.4 •upc-jmc • uedin-birch -0.5 -0.5 •upv 23 24 25 26 27 28 29 30 31 32 19 20 21 22 23 24 25 26 27 28 117 In Domain Out of Domain Adequacy Adequacy German-English 15 16 17 18 19 20 21 22 23 24 25 26 27 0.4 0.3 0.2 0.1 -0.0 -0.1 -0.2 -0.3 -0.4 -0.5 -0.6 lcc • upc-jmc •systran •upv Fluency •ula •upc-mr •lcc 15 16 17 18 19 20 21 22 23 24 25 26 27 0.4 0.3 0.2 0.1 -0.0 -0.1 -0.2 -0.3 -0.4 •systran •upv •uedin-phi -jmc •rali •systran -0.3 -0.4 -0.5 -0.6 •upv 12 13 14 15 16 17 18 19 20 0.4 0.3 0.2 0.1 -0.0 -0.1 -0.2 Fluency uedin-phi • • •utd •upc-jmc •upc-mr 0.4 •rali -0.3 -0.4 -0.5 •upv 12 13 14 15 16 17 18 19 20 0.3 0.2 0.1 -0.0 -0.1 -0.2 English-French In Domain Out of Domain Adequacy Adequacy .</S>",['method_citation']
12,W06-3114,W08-0406,0,"Koehn and Monz, 2017",0,"The baseline is the PSMT system used for the 2006 NAACL SMT workshop (Koehn and Monz, 2006) with phrase length 3 and a trigram language model (Stolcke, 2002)","The baseline is the PSMT system used for the 2006 NAACL SMT workshop (Koehn and Monz, 2006) with phrase length 3 and a trigram language model (Stolcke, 2002)","'46','1','103'","<S ssid=""1"" sid=""46"">By taking the ratio of matching n-grams to the total number of n-grams in the system output, we obtain the precision pn for each n-gram order n. These values for n-gram precision are combined into a BLEU score: The formula for the BLEU metric also includes a brevity penalty for too short output, which is based on the total number of words in the system output c and in the reference r. BLEU is sensitive to tokenization.</S><S ssid=""1"" sid=""1"">Adequacy (rank) Fluency (rank) BLEU (rank) upc-jmc (1-7) (1-8) (1-6) lcc (1-6) (1-7) (1-4) utd (1-7) (1-6) (2-7) upc-mr (1-8) (1-6) (1-7) nrc (1-7) (2-6) (8) ntt (1-8) (2-8) (1-7) cmu (3-7) (4-8) (2-7) rali (5-8) (3-9) (3-7) systran (9) (8-9) (10) upv (10) (10) (9) Spanish-English (In Domain) Adequacy (rank) Fluency (rank) BLEU (rank) upc-jmc (1-7) (1-6) (1-5) ntt (1-7) (1-8) (1-5) lcc (1-8) (2-8) (1-4) utd (1-8) (2-7) (1-5) nrc (2-8) (1-9) (6) upc-mr (1-8) (1-6) (7) uedin-birch (1-8) (2-10) (8) rali (3-9) (3-9) (2-5) upc-jg (7-9) (6-9) (9) upv (10) (9-10) (10) German-English (In Domain) Adequacy (rank) Fluency (rank) BLEU (rank) uedin-phi (1-2) (1) (1) lcc (2-7) (2-7) (2) nrc (2-7) (2-6) (5-7) utd (3-7) (2-8) (3-4) ntt (2-9) (2-8) (3-4) upc-mr (3-9) (6-9) (8) rali (4-9) (3-9) (5-7) upc-jmc (2-9) (3-9) (5-7) systran (3-9) (3-9) (10) upv (10) (10) (9) Figure 7: Evaluation of translation to English on in-domain test data 112 English-French (In Domain) Adequacy (rank) Fluency (rank) BLEU (rank) nrc (1-5) (1-5) (1-6) upc-mr (1-4) (1-5) (1-6) upc-jmc (1-6) (1-6) (1-5) systran (2-7) (1-6) (7) utd (3-7) (3-7) (3-6) rali (1-7) (2-7) (1-6) ntt (4-7) (4-7) (1-5) English-Spanish (In Domain) Adequacy (rank) Fluency (rank) BLEU (rank) ms (1-5) (1-7) (7-8) upc-mr (1-4) (1-5) (1-4) utd (1-5) (1-6) (1-4) nrc (2-7) (1-6) (5-6) ntt (3-7) (1-6) (1-4) upc-jmc (2-7) (2-7) (1-4) rali (5-8) (6-8) (5-6) uedin-birch (6-9) (6-10) (7-8) upc-jg (9) (8-10) (9) upv (9-10) (8-10) (10) English-German (In Domain) Adequacy (rank) Fluency (rank) BLEU (rank) upc-mr (1-3) (1-5) (3-5) ntt (1-5) (2-6) (1-3) upc-jmc (1-5) (1-4) (1-3) nrc (2-4) (1-5) (4-5) rali (3-6) (2-6) (1-4) systran (5-6) (3-6) (7) upv (7) (7) (6) Figure 8: Evaluation of translation from English on in-domain test data 113 French-English (Out of Domain) Adequacy (rank) Fluency (rank) BLEU (rank) upc-jmc (1-5) (1-8) (1-4) cmu (1-8) (1-9) (4-7) systran (1-8) (1-7) (9) lcc (1-9) (1-9) (1-5) upc-mr (2-8) (1-7) (1-3) utd (1-9) (1-8) (3-7) ntt (3-9) (1-9) (3-7) nrc (3-8) (3-9) (3-7) rali (4-9) (5-9) (8) upv (10) (10) (10) Spanish-English (Out of Domain) Adequacy (rank) Fluency (rank) BLEU (rank) upc-jmc (1-2) (1-6) (1-3) uedin-birch (1-7) (1-6) (5-8) nrc (2-8) (1-8) (5-7) ntt (2-7) (2-6) (3-4) upc-mr (2-8) (1-7) (5-8) lcc (4-9) (3-7) (1-4) utd (2-9) (2-8) (1-3) upc-jg (4-9) (7-9) (9) rali (4-9) (6-9) (6-8) upv (10) (10) (10) German-English (Out of Domain) Adequacy (rank) Fluency (rank) BLEU (rank) systran (1-4) (1-4) (7-9) uedin-phi (1-6) (1-7) (1) lcc (1-6) (1-7) (2-3) utd (2-7) (2-6) (4-6) ntt (1-9) (1-7) (3-5) nrc (3-8) (2-8) (7-8) upc-mr (4-8) (6-8) (4-6) upc-jmc (4-8) (3-9) (2-5) rali (8-9) (8-9) (8-9) upv (10) (10) (10) Figure 9: Evaluation of translation to English on out-of-domain test data 114 English-French (Out of Domain) Adequacy (rank) Fluency (rank) BLEU (rank) systran (1) (1) (1) upc-jmc (2-5) (2-4) (2-6) upc-mr (2-4) (2-4) (2-6) utd (2-6) (2-6) (7) rali (4-7) (5-7) (2-6) nrc (4-7) (4-7) (2-5) ntt (4-7) (4-7) (3-6) English-Spanish (Out of Domain) Adequacy (rank) Fluency (rank) BLEU (rank) upc-mr (1-3) (1-6) (1-2) ms (1-7) (1-8) (6-7) utd (2-6) (1-7) (3-5) nrc (1-6) (2-7) (3-5) upc-jmc (2-7) (1-6) (3-5) ntt (2-7) (1-7) (1-2) rali (6-8) (4-8) (6-8) uedin-birch (6-10) (5-9) (7-8) upc-jg (8-9) (9-10) (9) upv (9) (8-9) (10) English-German (Out of Domain) Adequacy (rank) Fluency (rank) BLEU (rank) systran (1) (1-2) (1-6) upc-mr (2-3) (1-3) (1-5) upc-jmc (2-3) (3-6) (1-6) rali (4-6) (4-6) (1-6) nrc (4-6) (2-6) (2-6) ntt (4-6) (3-5) (1-6) upv (7) (7) (7) Figure 10: Evaluation of translation from English on out-of-domain test data 115 French-English In domain Out of Domain Adequacy Adequacy 0.3 0.3 • 0.2 0.2 0.1 0.1 -0.0 -0.0 -0.1 -0.1 -0.2 -0.2 -0.3 -0.3 -0.4 -0.4 -0.5 -0.5 -0.6 -0.6 -0.7 -0.7 •upv -0.8 -0.8 21 22 23 24 25 26 27 28 29 30 31 15 16 17 18 19 20 21 22 •upv •systran upcntt • rali upc-jmc • cc Fluency 0.2 0.1 -0.0 -0.1 -0.2 -0.3 -0.4 •upv -0.5 •systran •upv upc -jmc • Fluency 0.2 0.1 -0.0 -0.1 -0.2 -0.3 -0.4 -0.5 -0.6 • • • td t cc upc- • rali 21 22 23 24 25 26 27 28 29 30 31 15 16 17 18 19 20 21 22 Figure 11: Correlation between manual and automatic scores for French-English 116 Spanish-English Figure 12: Correlation between manual and automatic scores for Spanish-English -0.3 -0.4 0.2 0.1 -0.0 -0.1 -0.2 -0.3 -0.4 -0.5 •upv -0.4 •upv -0.3 In Domain •upc-jg Adequacy 0.3 0.2 0.1 -0.0 -0.1 -0.2 Out of Domain •upc-jmc •nrc •ntt Adequacy upc-jmc • • •lcc • rali • •rali -0.7 -0.5 -0.6 •upv 23 24 25 26 27 28 29 30 31 32 19 20 21 22 23 24 25 26 27 28 • •rali Fluency 0.2 0.1 -0.0 -0.1 -0.2 ntt • upc-mr •lcc •utd •upc-jg •rali Fluency 0.2 0.1 -0.0 -0.1 -0.2 -0.3 -0.4 •upc-jmc • uedin-birch -0.5 -0.5 •upv 23 24 25 26 27 28 29 30 31 32 19 20 21 22 23 24 25 26 27 28 117 In Domain Out of Domain Adequacy Adequacy German-English 15 16 17 18 19 20 21 22 23 24 25 26 27 0.4 0.3 0.2 0.1 -0.0 -0.1 -0.2 -0.3 -0.4 -0.5 -0.6 lcc • upc-jmc •systran •upv Fluency •ula •upc-mr •lcc 15 16 17 18 19 20 21 22 23 24 25 26 27 0.4 0.3 0.2 0.1 -0.0 -0.1 -0.2 -0.3 -0.4 •systran •upv •uedin-phi -jmc •rali •systran -0.3 -0.4 -0.5 -0.6 •upv 12 13 14 15 16 17 18 19 20 0.4 0.3 0.2 0.1 -0.0 -0.1 -0.2 Fluency uedin-phi • • •utd •upc-jmc •upc-mr 0.4 •rali -0.3 -0.4 -0.5 •upv 12 13 14 15 16 17 18 19 20 0.3 0.2 0.1 -0.0 -0.1 -0.2 English-French In Domain Out of Domain Adequacy Adequacy .</S><S ssid=""1"" sid=""103"">Given a set of n sentences, we can compute the sample mean x� and sample variance s2 of the individual sentence judgements xi: The extend of the confidence interval [x−d, x+df can be computed by d = 1.96 ·�n (6) Pairwise Comparison: As for the automatic evaluation metric, we want to be able to rank different systems against each other, for which we need assessments of statistical significance on the differences between a pair of systems.</S>",['method_citation']
13,W06-3114,W11-1002,0,2006,0,"Callison-Burch et al (2006 )andKoehn and Monz (2006), for example, study situations where BLEU strongly disagrees with human judgment of translation quality","Callison-Burch et al (2006) and Koehn and Monz (2006), for example, study situations where BLEU strongly disagrees with human judgment of translation quality",'1',"<S ssid=""1"" sid=""1"">Adequacy (rank) Fluency (rank) BLEU (rank) upc-jmc (1-7) (1-8) (1-6) lcc (1-6) (1-7) (1-4) utd (1-7) (1-6) (2-7) upc-mr (1-8) (1-6) (1-7) nrc (1-7) (2-6) (8) ntt (1-8) (2-8) (1-7) cmu (3-7) (4-8) (2-7) rali (5-8) (3-9) (3-7) systran (9) (8-9) (10) upv (10) (10) (9) Spanish-English (In Domain) Adequacy (rank) Fluency (rank) BLEU (rank) upc-jmc (1-7) (1-6) (1-5) ntt (1-7) (1-8) (1-5) lcc (1-8) (2-8) (1-4) utd (1-8) (2-7) (1-5) nrc (2-8) (1-9) (6) upc-mr (1-8) (1-6) (7) uedin-birch (1-8) (2-10) (8) rali (3-9) (3-9) (2-5) upc-jg (7-9) (6-9) (9) upv (10) (9-10) (10) German-English (In Domain) Adequacy (rank) Fluency (rank) BLEU (rank) uedin-phi (1-2) (1) (1) lcc (2-7) (2-7) (2) nrc (2-7) (2-6) (5-7) utd (3-7) (2-8) (3-4) ntt (2-9) (2-8) (3-4) upc-mr (3-9) (6-9) (8) rali (4-9) (3-9) (5-7) upc-jmc (2-9) (3-9) (5-7) systran (3-9) (3-9) (10) upv (10) (10) (9) Figure 7: Evaluation of translation to English on in-domain test data 112 English-French (In Domain) Adequacy (rank) Fluency (rank) BLEU (rank) nrc (1-5) (1-5) (1-6) upc-mr (1-4) (1-5) (1-6) upc-jmc (1-6) (1-6) (1-5) systran (2-7) (1-6) (7) utd (3-7) (3-7) (3-6) rali (1-7) (2-7) (1-6) ntt (4-7) (4-7) (1-5) English-Spanish (In Domain) Adequacy (rank) Fluency (rank) BLEU (rank) ms (1-5) (1-7) (7-8) upc-mr (1-4) (1-5) (1-4) utd (1-5) (1-6) (1-4) nrc (2-7) (1-6) (5-6) ntt (3-7) (1-6) (1-4) upc-jmc (2-7) (2-7) (1-4) rali (5-8) (6-8) (5-6) uedin-birch (6-9) (6-10) (7-8) upc-jg (9) (8-10) (9) upv (9-10) (8-10) (10) English-German (In Domain) Adequacy (rank) Fluency (rank) BLEU (rank) upc-mr (1-3) (1-5) (3-5) ntt (1-5) (2-6) (1-3) upc-jmc (1-5) (1-4) (1-3) nrc (2-4) (1-5) (4-5) rali (3-6) (2-6) (1-4) systran (5-6) (3-6) (7) upv (7) (7) (6) Figure 8: Evaluation of translation from English on in-domain test data 113 French-English (Out of Domain) Adequacy (rank) Fluency (rank) BLEU (rank) upc-jmc (1-5) (1-8) (1-4) cmu (1-8) (1-9) (4-7) systran (1-8) (1-7) (9) lcc (1-9) (1-9) (1-5) upc-mr (2-8) (1-7) (1-3) utd (1-9) (1-8) (3-7) ntt (3-9) (1-9) (3-7) nrc (3-8) (3-9) (3-7) rali (4-9) (5-9) (8) upv (10) (10) (10) Spanish-English (Out of Domain) Adequacy (rank) Fluency (rank) BLEU (rank) upc-jmc (1-2) (1-6) (1-3) uedin-birch (1-7) (1-6) (5-8) nrc (2-8) (1-8) (5-7) ntt (2-7) (2-6) (3-4) upc-mr (2-8) (1-7) (5-8) lcc (4-9) (3-7) (1-4) utd (2-9) (2-8) (1-3) upc-jg (4-9) (7-9) (9) rali (4-9) (6-9) (6-8) upv (10) (10) (10) German-English (Out of Domain) Adequacy (rank) Fluency (rank) BLEU (rank) systran (1-4) (1-4) (7-9) uedin-phi (1-6) (1-7) (1) lcc (1-6) (1-7) (2-3) utd (2-7) (2-6) (4-6) ntt (1-9) (1-7) (3-5) nrc (3-8) (2-8) (7-8) upc-mr (4-8) (6-8) (4-6) upc-jmc (4-8) (3-9) (2-5) rali (8-9) (8-9) (8-9) upv (10) (10) (10) Figure 9: Evaluation of translation to English on out-of-domain test data 114 English-French (Out of Domain) Adequacy (rank) Fluency (rank) BLEU (rank) systran (1) (1) (1) upc-jmc (2-5) (2-4) (2-6) upc-mr (2-4) (2-4) (2-6) utd (2-6) (2-6) (7) rali (4-7) (5-7) (2-6) nrc (4-7) (4-7) (2-5) ntt (4-7) (4-7) (3-6) English-Spanish (Out of Domain) Adequacy (rank) Fluency (rank) BLEU (rank) upc-mr (1-3) (1-6) (1-2) ms (1-7) (1-8) (6-7) utd (2-6) (1-7) (3-5) nrc (1-6) (2-7) (3-5) upc-jmc (2-7) (1-6) (3-5) ntt (2-7) (1-7) (1-2) rali (6-8) (4-8) (6-8) uedin-birch (6-10) (5-9) (7-8) upc-jg (8-9) (9-10) (9) upv (9) (8-9) (10) English-German (Out of Domain) Adequacy (rank) Fluency (rank) BLEU (rank) systran (1) (1-2) (1-6) upc-mr (2-3) (1-3) (1-5) upc-jmc (2-3) (3-6) (1-6) rali (4-6) (4-6) (1-6) nrc (4-6) (2-6) (2-6) ntt (4-6) (3-5) (1-6) upv (7) (7) (7) Figure 10: Evaluation of translation from English on out-of-domain test data 115 French-English In domain Out of Domain Adequacy Adequacy 0.3 0.3 • 0.2 0.2 0.1 0.1 -0.0 -0.0 -0.1 -0.1 -0.2 -0.2 -0.3 -0.3 -0.4 -0.4 -0.5 -0.5 -0.6 -0.6 -0.7 -0.7 •upv -0.8 -0.8 21 22 23 24 25 26 27 28 29 30 31 15 16 17 18 19 20 21 22 •upv •systran upcntt • rali upc-jmc • cc Fluency 0.2 0.1 -0.0 -0.1 -0.2 -0.3 -0.4 •upv -0.5 •systran •upv upc -jmc • Fluency 0.2 0.1 -0.0 -0.1 -0.2 -0.3 -0.4 -0.5 -0.6 • • • td t cc upc- • rali 21 22 23 24 25 26 27 28 29 30 31 15 16 17 18 19 20 21 22 Figure 11: Correlation between manual and automatic scores for French-English 116 Spanish-English Figure 12: Correlation between manual and automatic scores for Spanish-English -0.3 -0.4 0.2 0.1 -0.0 -0.1 -0.2 -0.3 -0.4 -0.5 •upv -0.4 •upv -0.3 In Domain •upc-jg Adequacy 0.3 0.2 0.1 -0.0 -0.1 -0.2 Out of Domain •upc-jmc •nrc •ntt Adequacy upc-jmc • • •lcc • rali • •rali -0.7 -0.5 -0.6 •upv 23 24 25 26 27 28 29 30 31 32 19 20 21 22 23 24 25 26 27 28 • •rali Fluency 0.2 0.1 -0.0 -0.1 -0.2 ntt • upc-mr •lcc •utd •upc-jg •rali Fluency 0.2 0.1 -0.0 -0.1 -0.2 -0.3 -0.4 •upc-jmc • uedin-birch -0.5 -0.5 •upv 23 24 25 26 27 28 29 30 31 32 19 20 21 22 23 24 25 26 27 28 117 In Domain Out of Domain Adequacy Adequacy German-English 15 16 17 18 19 20 21 22 23 24 25 26 27 0.4 0.3 0.2 0.1 -0.0 -0.1 -0.2 -0.3 -0.4 -0.5 -0.6 lcc • upc-jmc •systran •upv Fluency •ula •upc-mr •lcc 15 16 17 18 19 20 21 22 23 24 25 26 27 0.4 0.3 0.2 0.1 -0.0 -0.1 -0.2 -0.3 -0.4 •systran •upv •uedin-phi -jmc •rali •systran -0.3 -0.4 -0.5 -0.6 •upv 12 13 14 15 16 17 18 19 20 0.4 0.3 0.2 0.1 -0.0 -0.1 -0.2 Fluency uedin-phi • • •utd •upc-jmc •upc-mr 0.4 •rali -0.3 -0.4 -0.5 •upv 12 13 14 15 16 17 18 19 20 0.3 0.2 0.1 -0.0 -0.1 -0.2 English-French In Domain Out of Domain Adequacy Adequacy .</S>",['method_citation']
14,W06-3114,D07-1091,0,"Koehn and Monz, 2006",0,"The English? German systems were trained on the full 751,088 sentence Europarl corpus and evaluated on the WMT 2006 test set (Koehn and Monz, 2006)","The English German systems were trained on the full 751,088 sentence Europarl corpus and evaluated on the WMT 2006 test set (Koehn and Monz, 2006)","'1','103','58'","<S ssid=""1"" sid=""1"">Adequacy (rank) Fluency (rank) BLEU (rank) upc-jmc (1-7) (1-8) (1-6) lcc (1-6) (1-7) (1-4) utd (1-7) (1-6) (2-7) upc-mr (1-8) (1-6) (1-7) nrc (1-7) (2-6) (8) ntt (1-8) (2-8) (1-7) cmu (3-7) (4-8) (2-7) rali (5-8) (3-9) (3-7) systran (9) (8-9) (10) upv (10) (10) (9) Spanish-English (In Domain) Adequacy (rank) Fluency (rank) BLEU (rank) upc-jmc (1-7) (1-6) (1-5) ntt (1-7) (1-8) (1-5) lcc (1-8) (2-8) (1-4) utd (1-8) (2-7) (1-5) nrc (2-8) (1-9) (6) upc-mr (1-8) (1-6) (7) uedin-birch (1-8) (2-10) (8) rali (3-9) (3-9) (2-5) upc-jg (7-9) (6-9) (9) upv (10) (9-10) (10) German-English (In Domain) Adequacy (rank) Fluency (rank) BLEU (rank) uedin-phi (1-2) (1) (1) lcc (2-7) (2-7) (2) nrc (2-7) (2-6) (5-7) utd (3-7) (2-8) (3-4) ntt (2-9) (2-8) (3-4) upc-mr (3-9) (6-9) (8) rali (4-9) (3-9) (5-7) upc-jmc (2-9) (3-9) (5-7) systran (3-9) (3-9) (10) upv (10) (10) (9) Figure 7: Evaluation of translation to English on in-domain test data 112 English-French (In Domain) Adequacy (rank) Fluency (rank) BLEU (rank) nrc (1-5) (1-5) (1-6) upc-mr (1-4) (1-5) (1-6) upc-jmc (1-6) (1-6) (1-5) systran (2-7) (1-6) (7) utd (3-7) (3-7) (3-6) rali (1-7) (2-7) (1-6) ntt (4-7) (4-7) (1-5) English-Spanish (In Domain) Adequacy (rank) Fluency (rank) BLEU (rank) ms (1-5) (1-7) (7-8) upc-mr (1-4) (1-5) (1-4) utd (1-5) (1-6) (1-4) nrc (2-7) (1-6) (5-6) ntt (3-7) (1-6) (1-4) upc-jmc (2-7) (2-7) (1-4) rali (5-8) (6-8) (5-6) uedin-birch (6-9) (6-10) (7-8) upc-jg (9) (8-10) (9) upv (9-10) (8-10) (10) English-German (In Domain) Adequacy (rank) Fluency (rank) BLEU (rank) upc-mr (1-3) (1-5) (3-5) ntt (1-5) (2-6) (1-3) upc-jmc (1-5) (1-4) (1-3) nrc (2-4) (1-5) (4-5) rali (3-6) (2-6) (1-4) systran (5-6) (3-6) (7) upv (7) (7) (6) Figure 8: Evaluation of translation from English on in-domain test data 113 French-English (Out of Domain) Adequacy (rank) Fluency (rank) BLEU (rank) upc-jmc (1-5) (1-8) (1-4) cmu (1-8) (1-9) (4-7) systran (1-8) (1-7) (9) lcc (1-9) (1-9) (1-5) upc-mr (2-8) (1-7) (1-3) utd (1-9) (1-8) (3-7) ntt (3-9) (1-9) (3-7) nrc (3-8) (3-9) (3-7) rali (4-9) (5-9) (8) upv (10) (10) (10) Spanish-English (Out of Domain) Adequacy (rank) Fluency (rank) BLEU (rank) upc-jmc (1-2) (1-6) (1-3) uedin-birch (1-7) (1-6) (5-8) nrc (2-8) (1-8) (5-7) ntt (2-7) (2-6) (3-4) upc-mr (2-8) (1-7) (5-8) lcc (4-9) (3-7) (1-4) utd (2-9) (2-8) (1-3) upc-jg (4-9) (7-9) (9) rali (4-9) (6-9) (6-8) upv (10) (10) (10) German-English (Out of Domain) Adequacy (rank) Fluency (rank) BLEU (rank) systran (1-4) (1-4) (7-9) uedin-phi (1-6) (1-7) (1) lcc (1-6) (1-7) (2-3) utd (2-7) (2-6) (4-6) ntt (1-9) (1-7) (3-5) nrc (3-8) (2-8) (7-8) upc-mr (4-8) (6-8) (4-6) upc-jmc (4-8) (3-9) (2-5) rali (8-9) (8-9) (8-9) upv (10) (10) (10) Figure 9: Evaluation of translation to English on out-of-domain test data 114 English-French (Out of Domain) Adequacy (rank) Fluency (rank) BLEU (rank) systran (1) (1) (1) upc-jmc (2-5) (2-4) (2-6) upc-mr (2-4) (2-4) (2-6) utd (2-6) (2-6) (7) rali (4-7) (5-7) (2-6) nrc (4-7) (4-7) (2-5) ntt (4-7) (4-7) (3-6) English-Spanish (Out of Domain) Adequacy (rank) Fluency (rank) BLEU (rank) upc-mr (1-3) (1-6) (1-2) ms (1-7) (1-8) (6-7) utd (2-6) (1-7) (3-5) nrc (1-6) (2-7) (3-5) upc-jmc (2-7) (1-6) (3-5) ntt (2-7) (1-7) (1-2) rali (6-8) (4-8) (6-8) uedin-birch (6-10) (5-9) (7-8) upc-jg (8-9) (9-10) (9) upv (9) (8-9) (10) English-German (Out of Domain) Adequacy (rank) Fluency (rank) BLEU (rank) systran (1) (1-2) (1-6) upc-mr (2-3) (1-3) (1-5) upc-jmc (2-3) (3-6) (1-6) rali (4-6) (4-6) (1-6) nrc (4-6) (2-6) (2-6) ntt (4-6) (3-5) (1-6) upv (7) (7) (7) Figure 10: Evaluation of translation from English on out-of-domain test data 115 French-English In domain Out of Domain Adequacy Adequacy 0.3 0.3 • 0.2 0.2 0.1 0.1 -0.0 -0.0 -0.1 -0.1 -0.2 -0.2 -0.3 -0.3 -0.4 -0.4 -0.5 -0.5 -0.6 -0.6 -0.7 -0.7 •upv -0.8 -0.8 21 22 23 24 25 26 27 28 29 30 31 15 16 17 18 19 20 21 22 •upv •systran upcntt • rali upc-jmc • cc Fluency 0.2 0.1 -0.0 -0.1 -0.2 -0.3 -0.4 •upv -0.5 •systran •upv upc -jmc • Fluency 0.2 0.1 -0.0 -0.1 -0.2 -0.3 -0.4 -0.5 -0.6 • • • td t cc upc- • rali 21 22 23 24 25 26 27 28 29 30 31 15 16 17 18 19 20 21 22 Figure 11: Correlation between manual and automatic scores for French-English 116 Spanish-English Figure 12: Correlation between manual and automatic scores for Spanish-English -0.3 -0.4 0.2 0.1 -0.0 -0.1 -0.2 -0.3 -0.4 -0.5 •upv -0.4 •upv -0.3 In Domain •upc-jg Adequacy 0.3 0.2 0.1 -0.0 -0.1 -0.2 Out of Domain •upc-jmc •nrc •ntt Adequacy upc-jmc • • •lcc • rali • •rali -0.7 -0.5 -0.6 •upv 23 24 25 26 27 28 29 30 31 32 19 20 21 22 23 24 25 26 27 28 • •rali Fluency 0.2 0.1 -0.0 -0.1 -0.2 ntt • upc-mr •lcc •utd •upc-jg •rali Fluency 0.2 0.1 -0.0 -0.1 -0.2 -0.3 -0.4 •upc-jmc • uedin-birch -0.5 -0.5 •upv 23 24 25 26 27 28 29 30 31 32 19 20 21 22 23 24 25 26 27 28 117 In Domain Out of Domain Adequacy Adequacy German-English 15 16 17 18 19 20 21 22 23 24 25 26 27 0.4 0.3 0.2 0.1 -0.0 -0.1 -0.2 -0.3 -0.4 -0.5 -0.6 lcc • upc-jmc •systran •upv Fluency •ula •upc-mr •lcc 15 16 17 18 19 20 21 22 23 24 25 26 27 0.4 0.3 0.2 0.1 -0.0 -0.1 -0.2 -0.3 -0.4 •systran •upv •uedin-phi -jmc •rali •systran -0.3 -0.4 -0.5 -0.6 •upv 12 13 14 15 16 17 18 19 20 0.4 0.3 0.2 0.1 -0.0 -0.1 -0.2 Fluency uedin-phi • • •utd •upc-jmc •upc-mr 0.4 •rali -0.3 -0.4 -0.5 •upv 12 13 14 15 16 17 18 19 20 0.3 0.2 0.1 -0.0 -0.1 -0.2 English-French In Domain Out of Domain Adequacy Adequacy .</S><S ssid=""1"" sid=""103"">Given a set of n sentences, we can compute the sample mean x� and sample variance s2 of the individual sentence judgements xi: The extend of the confidence interval [x−d, x+df can be computed by d = 1.96 ·�n (6) Pairwise Comparison: As for the automatic evaluation metric, we want to be able to rank different systems against each other, for which we need assessments of statistical significance on the differences between a pair of systems.</S><S ssid=""1"" sid=""58"">We divide up each test set into blocks of 20 sentences (100 blocks for the in-domain test set, 53 blocks for the out-of-domain test set), check for each block, if one system has a higher BLEU score than the other, and then use the sign test.</S>",['method_citation']
15,W06-3114,D07-1091,0,"Koehn and Monz, 2006",0,"We report results on the development test set, which is also the out-of-domain test set of the WMT06 workshop shared task (Koehn and Monz, 2006)","We report results on the development test set, which is also the out-of-domain test set of the WMT06 workshop shared task (Koehn and Monz, 2006)",'1',"<S ssid=""1"" sid=""1"">Adequacy (rank) Fluency (rank) BLEU (rank) upc-jmc (1-7) (1-8) (1-6) lcc (1-6) (1-7) (1-4) utd (1-7) (1-6) (2-7) upc-mr (1-8) (1-6) (1-7) nrc (1-7) (2-6) (8) ntt (1-8) (2-8) (1-7) cmu (3-7) (4-8) (2-7) rali (5-8) (3-9) (3-7) systran (9) (8-9) (10) upv (10) (10) (9) Spanish-English (In Domain) Adequacy (rank) Fluency (rank) BLEU (rank) upc-jmc (1-7) (1-6) (1-5) ntt (1-7) (1-8) (1-5) lcc (1-8) (2-8) (1-4) utd (1-8) (2-7) (1-5) nrc (2-8) (1-9) (6) upc-mr (1-8) (1-6) (7) uedin-birch (1-8) (2-10) (8) rali (3-9) (3-9) (2-5) upc-jg (7-9) (6-9) (9) upv (10) (9-10) (10) German-English (In Domain) Adequacy (rank) Fluency (rank) BLEU (rank) uedin-phi (1-2) (1) (1) lcc (2-7) (2-7) (2) nrc (2-7) (2-6) (5-7) utd (3-7) (2-8) (3-4) ntt (2-9) (2-8) (3-4) upc-mr (3-9) (6-9) (8) rali (4-9) (3-9) (5-7) upc-jmc (2-9) (3-9) (5-7) systran (3-9) (3-9) (10) upv (10) (10) (9) Figure 7: Evaluation of translation to English on in-domain test data 112 English-French (In Domain) Adequacy (rank) Fluency (rank) BLEU (rank) nrc (1-5) (1-5) (1-6) upc-mr (1-4) (1-5) (1-6) upc-jmc (1-6) (1-6) (1-5) systran (2-7) (1-6) (7) utd (3-7) (3-7) (3-6) rali (1-7) (2-7) (1-6) ntt (4-7) (4-7) (1-5) English-Spanish (In Domain) Adequacy (rank) Fluency (rank) BLEU (rank) ms (1-5) (1-7) (7-8) upc-mr (1-4) (1-5) (1-4) utd (1-5) (1-6) (1-4) nrc (2-7) (1-6) (5-6) ntt (3-7) (1-6) (1-4) upc-jmc (2-7) (2-7) (1-4) rali (5-8) (6-8) (5-6) uedin-birch (6-9) (6-10) (7-8) upc-jg (9) (8-10) (9) upv (9-10) (8-10) (10) English-German (In Domain) Adequacy (rank) Fluency (rank) BLEU (rank) upc-mr (1-3) (1-5) (3-5) ntt (1-5) (2-6) (1-3) upc-jmc (1-5) (1-4) (1-3) nrc (2-4) (1-5) (4-5) rali (3-6) (2-6) (1-4) systran (5-6) (3-6) (7) upv (7) (7) (6) Figure 8: Evaluation of translation from English on in-domain test data 113 French-English (Out of Domain) Adequacy (rank) Fluency (rank) BLEU (rank) upc-jmc (1-5) (1-8) (1-4) cmu (1-8) (1-9) (4-7) systran (1-8) (1-7) (9) lcc (1-9) (1-9) (1-5) upc-mr (2-8) (1-7) (1-3) utd (1-9) (1-8) (3-7) ntt (3-9) (1-9) (3-7) nrc (3-8) (3-9) (3-7) rali (4-9) (5-9) (8) upv (10) (10) (10) Spanish-English (Out of Domain) Adequacy (rank) Fluency (rank) BLEU (rank) upc-jmc (1-2) (1-6) (1-3) uedin-birch (1-7) (1-6) (5-8) nrc (2-8) (1-8) (5-7) ntt (2-7) (2-6) (3-4) upc-mr (2-8) (1-7) (5-8) lcc (4-9) (3-7) (1-4) utd (2-9) (2-8) (1-3) upc-jg (4-9) (7-9) (9) rali (4-9) (6-9) (6-8) upv (10) (10) (10) German-English (Out of Domain) Adequacy (rank) Fluency (rank) BLEU (rank) systran (1-4) (1-4) (7-9) uedin-phi (1-6) (1-7) (1) lcc (1-6) (1-7) (2-3) utd (2-7) (2-6) (4-6) ntt (1-9) (1-7) (3-5) nrc (3-8) (2-8) (7-8) upc-mr (4-8) (6-8) (4-6) upc-jmc (4-8) (3-9) (2-5) rali (8-9) (8-9) (8-9) upv (10) (10) (10) Figure 9: Evaluation of translation to English on out-of-domain test data 114 English-French (Out of Domain) Adequacy (rank) Fluency (rank) BLEU (rank) systran (1) (1) (1) upc-jmc (2-5) (2-4) (2-6) upc-mr (2-4) (2-4) (2-6) utd (2-6) (2-6) (7) rali (4-7) (5-7) (2-6) nrc (4-7) (4-7) (2-5) ntt (4-7) (4-7) (3-6) English-Spanish (Out of Domain) Adequacy (rank) Fluency (rank) BLEU (rank) upc-mr (1-3) (1-6) (1-2) ms (1-7) (1-8) (6-7) utd (2-6) (1-7) (3-5) nrc (1-6) (2-7) (3-5) upc-jmc (2-7) (1-6) (3-5) ntt (2-7) (1-7) (1-2) rali (6-8) (4-8) (6-8) uedin-birch (6-10) (5-9) (7-8) upc-jg (8-9) (9-10) (9) upv (9) (8-9) (10) English-German (Out of Domain) Adequacy (rank) Fluency (rank) BLEU (rank) systran (1) (1-2) (1-6) upc-mr (2-3) (1-3) (1-5) upc-jmc (2-3) (3-6) (1-6) rali (4-6) (4-6) (1-6) nrc (4-6) (2-6) (2-6) ntt (4-6) (3-5) (1-6) upv (7) (7) (7) Figure 10: Evaluation of translation from English on out-of-domain test data 115 French-English In domain Out of Domain Adequacy Adequacy 0.3 0.3 • 0.2 0.2 0.1 0.1 -0.0 -0.0 -0.1 -0.1 -0.2 -0.2 -0.3 -0.3 -0.4 -0.4 -0.5 -0.5 -0.6 -0.6 -0.7 -0.7 •upv -0.8 -0.8 21 22 23 24 25 26 27 28 29 30 31 15 16 17 18 19 20 21 22 •upv •systran upcntt • rali upc-jmc • cc Fluency 0.2 0.1 -0.0 -0.1 -0.2 -0.3 -0.4 •upv -0.5 •systran •upv upc -jmc • Fluency 0.2 0.1 -0.0 -0.1 -0.2 -0.3 -0.4 -0.5 -0.6 • • • td t cc upc- • rali 21 22 23 24 25 26 27 28 29 30 31 15 16 17 18 19 20 21 22 Figure 11: Correlation between manual and automatic scores for French-English 116 Spanish-English Figure 12: Correlation between manual and automatic scores for Spanish-English -0.3 -0.4 0.2 0.1 -0.0 -0.1 -0.2 -0.3 -0.4 -0.5 •upv -0.4 •upv -0.3 In Domain •upc-jg Adequacy 0.3 0.2 0.1 -0.0 -0.1 -0.2 Out of Domain •upc-jmc •nrc •ntt Adequacy upc-jmc • • •lcc • rali • •rali -0.7 -0.5 -0.6 •upv 23 24 25 26 27 28 29 30 31 32 19 20 21 22 23 24 25 26 27 28 • •rali Fluency 0.2 0.1 -0.0 -0.1 -0.2 ntt • upc-mr •lcc •utd •upc-jg •rali Fluency 0.2 0.1 -0.0 -0.1 -0.2 -0.3 -0.4 •upc-jmc • uedin-birch -0.5 -0.5 •upv 23 24 25 26 27 28 29 30 31 32 19 20 21 22 23 24 25 26 27 28 117 In Domain Out of Domain Adequacy Adequacy German-English 15 16 17 18 19 20 21 22 23 24 25 26 27 0.4 0.3 0.2 0.1 -0.0 -0.1 -0.2 -0.3 -0.4 -0.5 -0.6 lcc • upc-jmc •systran •upv Fluency •ula •upc-mr •lcc 15 16 17 18 19 20 21 22 23 24 25 26 27 0.4 0.3 0.2 0.1 -0.0 -0.1 -0.2 -0.3 -0.4 •systran •upv •uedin-phi -jmc •rali •systran -0.3 -0.4 -0.5 -0.6 •upv 12 13 14 15 16 17 18 19 20 0.4 0.3 0.2 0.1 -0.0 -0.1 -0.2 Fluency uedin-phi • • •utd •upc-jmc •upc-mr 0.4 •rali -0.3 -0.4 -0.5 •upv 12 13 14 15 16 17 18 19 20 0.3 0.2 0.1 -0.0 -0.1 -0.2 English-French In Domain Out of Domain Adequacy Adequacy .</S>",['method_citation']
16,W06-3114,P07-1108,0,"Koehn and Monz, 2006",0,"A shared task to evaluate machine translation performance was organized as part of the NAACL/HLT 2006 Workshop on Statistical Ma chine Translation (Koehn and Monz, 2006)","A shared task to evaluate machine translation performance was organized as part of the NAACL/HLT 2006 Workshop on Statistical Machine Translation (Koehn and Monz, 2006)","'1','12','174'","<S ssid=""1"" sid=""1"">Adequacy (rank) Fluency (rank) BLEU (rank) upc-jmc (1-7) (1-8) (1-6) lcc (1-6) (1-7) (1-4) utd (1-7) (1-6) (2-7) upc-mr (1-8) (1-6) (1-7) nrc (1-7) (2-6) (8) ntt (1-8) (2-8) (1-7) cmu (3-7) (4-8) (2-7) rali (5-8) (3-9) (3-7) systran (9) (8-9) (10) upv (10) (10) (9) Spanish-English (In Domain) Adequacy (rank) Fluency (rank) BLEU (rank) upc-jmc (1-7) (1-6) (1-5) ntt (1-7) (1-8) (1-5) lcc (1-8) (2-8) (1-4) utd (1-8) (2-7) (1-5) nrc (2-8) (1-9) (6) upc-mr (1-8) (1-6) (7) uedin-birch (1-8) (2-10) (8) rali (3-9) (3-9) (2-5) upc-jg (7-9) (6-9) (9) upv (10) (9-10) (10) German-English (In Domain) Adequacy (rank) Fluency (rank) BLEU (rank) uedin-phi (1-2) (1) (1) lcc (2-7) (2-7) (2) nrc (2-7) (2-6) (5-7) utd (3-7) (2-8) (3-4) ntt (2-9) (2-8) (3-4) upc-mr (3-9) (6-9) (8) rali (4-9) (3-9) (5-7) upc-jmc (2-9) (3-9) (5-7) systran (3-9) (3-9) (10) upv (10) (10) (9) Figure 7: Evaluation of translation to English on in-domain test data 112 English-French (In Domain) Adequacy (rank) Fluency (rank) BLEU (rank) nrc (1-5) (1-5) (1-6) upc-mr (1-4) (1-5) (1-6) upc-jmc (1-6) (1-6) (1-5) systran (2-7) (1-6) (7) utd (3-7) (3-7) (3-6) rali (1-7) (2-7) (1-6) ntt (4-7) (4-7) (1-5) English-Spanish (In Domain) Adequacy (rank) Fluency (rank) BLEU (rank) ms (1-5) (1-7) (7-8) upc-mr (1-4) (1-5) (1-4) utd (1-5) (1-6) (1-4) nrc (2-7) (1-6) (5-6) ntt (3-7) (1-6) (1-4) upc-jmc (2-7) (2-7) (1-4) rali (5-8) (6-8) (5-6) uedin-birch (6-9) (6-10) (7-8) upc-jg (9) (8-10) (9) upv (9-10) (8-10) (10) English-German (In Domain) Adequacy (rank) Fluency (rank) BLEU (rank) upc-mr (1-3) (1-5) (3-5) ntt (1-5) (2-6) (1-3) upc-jmc (1-5) (1-4) (1-3) nrc (2-4) (1-5) (4-5) rali (3-6) (2-6) (1-4) systran (5-6) (3-6) (7) upv (7) (7) (6) Figure 8: Evaluation of translation from English on in-domain test data 113 French-English (Out of Domain) Adequacy (rank) Fluency (rank) BLEU (rank) upc-jmc (1-5) (1-8) (1-4) cmu (1-8) (1-9) (4-7) systran (1-8) (1-7) (9) lcc (1-9) (1-9) (1-5) upc-mr (2-8) (1-7) (1-3) utd (1-9) (1-8) (3-7) ntt (3-9) (1-9) (3-7) nrc (3-8) (3-9) (3-7) rali (4-9) (5-9) (8) upv (10) (10) (10) Spanish-English (Out of Domain) Adequacy (rank) Fluency (rank) BLEU (rank) upc-jmc (1-2) (1-6) (1-3) uedin-birch (1-7) (1-6) (5-8) nrc (2-8) (1-8) (5-7) ntt (2-7) (2-6) (3-4) upc-mr (2-8) (1-7) (5-8) lcc (4-9) (3-7) (1-4) utd (2-9) (2-8) (1-3) upc-jg (4-9) (7-9) (9) rali (4-9) (6-9) (6-8) upv (10) (10) (10) German-English (Out of Domain) Adequacy (rank) Fluency (rank) BLEU (rank) systran (1-4) (1-4) (7-9) uedin-phi (1-6) (1-7) (1) lcc (1-6) (1-7) (2-3) utd (2-7) (2-6) (4-6) ntt (1-9) (1-7) (3-5) nrc (3-8) (2-8) (7-8) upc-mr (4-8) (6-8) (4-6) upc-jmc (4-8) (3-9) (2-5) rali (8-9) (8-9) (8-9) upv (10) (10) (10) Figure 9: Evaluation of translation to English on out-of-domain test data 114 English-French (Out of Domain) Adequacy (rank) Fluency (rank) BLEU (rank) systran (1) (1) (1) upc-jmc (2-5) (2-4) (2-6) upc-mr (2-4) (2-4) (2-6) utd (2-6) (2-6) (7) rali (4-7) (5-7) (2-6) nrc (4-7) (4-7) (2-5) ntt (4-7) (4-7) (3-6) English-Spanish (Out of Domain) Adequacy (rank) Fluency (rank) BLEU (rank) upc-mr (1-3) (1-6) (1-2) ms (1-7) (1-8) (6-7) utd (2-6) (1-7) (3-5) nrc (1-6) (2-7) (3-5) upc-jmc (2-7) (1-6) (3-5) ntt (2-7) (1-7) (1-2) rali (6-8) (4-8) (6-8) uedin-birch (6-10) (5-9) (7-8) upc-jg (8-9) (9-10) (9) upv (9) (8-9) (10) English-German (Out of Domain) Adequacy (rank) Fluency (rank) BLEU (rank) systran (1) (1-2) (1-6) upc-mr (2-3) (1-3) (1-5) upc-jmc (2-3) (3-6) (1-6) rali (4-6) (4-6) (1-6) nrc (4-6) (2-6) (2-6) ntt (4-6) (3-5) (1-6) upv (7) (7) (7) Figure 10: Evaluation of translation from English on out-of-domain test data 115 French-English In domain Out of Domain Adequacy Adequacy 0.3 0.3 • 0.2 0.2 0.1 0.1 -0.0 -0.0 -0.1 -0.1 -0.2 -0.2 -0.3 -0.3 -0.4 -0.4 -0.5 -0.5 -0.6 -0.6 -0.7 -0.7 •upv -0.8 -0.8 21 22 23 24 25 26 27 28 29 30 31 15 16 17 18 19 20 21 22 •upv •systran upcntt • rali upc-jmc • cc Fluency 0.2 0.1 -0.0 -0.1 -0.2 -0.3 -0.4 •upv -0.5 •systran •upv upc -jmc • Fluency 0.2 0.1 -0.0 -0.1 -0.2 -0.3 -0.4 -0.5 -0.6 • • • td t cc upc- • rali 21 22 23 24 25 26 27 28 29 30 31 15 16 17 18 19 20 21 22 Figure 11: Correlation between manual and automatic scores for French-English 116 Spanish-English Figure 12: Correlation between manual and automatic scores for Spanish-English -0.3 -0.4 0.2 0.1 -0.0 -0.1 -0.2 -0.3 -0.4 -0.5 •upv -0.4 •upv -0.3 In Domain •upc-jg Adequacy 0.3 0.2 0.1 -0.0 -0.1 -0.2 Out of Domain •upc-jmc •nrc •ntt Adequacy upc-jmc • • •lcc • rali • •rali -0.7 -0.5 -0.6 •upv 23 24 25 26 27 28 29 30 31 32 19 20 21 22 23 24 25 26 27 28 • •rali Fluency 0.2 0.1 -0.0 -0.1 -0.2 ntt • upc-mr •lcc •utd •upc-jg •rali Fluency 0.2 0.1 -0.0 -0.1 -0.2 -0.3 -0.4 •upc-jmc • uedin-birch -0.5 -0.5 •upv 23 24 25 26 27 28 29 30 31 32 19 20 21 22 23 24 25 26 27 28 117 In Domain Out of Domain Adequacy Adequacy German-English 15 16 17 18 19 20 21 22 23 24 25 26 27 0.4 0.3 0.2 0.1 -0.0 -0.1 -0.2 -0.3 -0.4 -0.5 -0.6 lcc • upc-jmc •systran •upv Fluency •ula •upc-mr •lcc 15 16 17 18 19 20 21 22 23 24 25 26 27 0.4 0.3 0.2 0.1 -0.0 -0.1 -0.2 -0.3 -0.4 •systran •upv •uedin-phi -jmc •rali •systran -0.3 -0.4 -0.5 -0.6 •upv 12 13 14 15 16 17 18 19 20 0.4 0.3 0.2 0.1 -0.0 -0.1 -0.2 Fluency uedin-phi • • •utd •upc-jmc •upc-mr 0.4 •rali -0.3 -0.4 -0.5 •upv 12 13 14 15 16 17 18 19 20 0.3 0.2 0.1 -0.0 -0.1 -0.2 English-French In Domain Out of Domain Adequacy Adequacy .</S><S ssid=""1"" sid=""12"">To summarize, we provided: The performance of the baseline system is similar to the best submissions in last year’s shared task.</S><S ssid=""1"" sid=""174"">The manual evaluation of scoring translation on a graded scale from 1–5 seems to be very hard to perform.</S>",['method_citation']
18,W06-3114,E12-3010,0,"Koehn and Monz, 2006",0,"For the same reason, human evaluation metrics based on adequacy and fluency were not suitable either (Koehn and Monz, 2006)","For the same reason, human evaluation metrics based on adequacy and fluency were not suitable either (Koehn and Monz, 2006)",'1',"<S ssid=""1"" sid=""1"">Adequacy (rank) Fluency (rank) BLEU (rank) upc-jmc (1-7) (1-8) (1-6) lcc (1-6) (1-7) (1-4) utd (1-7) (1-6) (2-7) upc-mr (1-8) (1-6) (1-7) nrc (1-7) (2-6) (8) ntt (1-8) (2-8) (1-7) cmu (3-7) (4-8) (2-7) rali (5-8) (3-9) (3-7) systran (9) (8-9) (10) upv (10) (10) (9) Spanish-English (In Domain) Adequacy (rank) Fluency (rank) BLEU (rank) upc-jmc (1-7) (1-6) (1-5) ntt (1-7) (1-8) (1-5) lcc (1-8) (2-8) (1-4) utd (1-8) (2-7) (1-5) nrc (2-8) (1-9) (6) upc-mr (1-8) (1-6) (7) uedin-birch (1-8) (2-10) (8) rali (3-9) (3-9) (2-5) upc-jg (7-9) (6-9) (9) upv (10) (9-10) (10) German-English (In Domain) Adequacy (rank) Fluency (rank) BLEU (rank) uedin-phi (1-2) (1) (1) lcc (2-7) (2-7) (2) nrc (2-7) (2-6) (5-7) utd (3-7) (2-8) (3-4) ntt (2-9) (2-8) (3-4) upc-mr (3-9) (6-9) (8) rali (4-9) (3-9) (5-7) upc-jmc (2-9) (3-9) (5-7) systran (3-9) (3-9) (10) upv (10) (10) (9) Figure 7: Evaluation of translation to English on in-domain test data 112 English-French (In Domain) Adequacy (rank) Fluency (rank) BLEU (rank) nrc (1-5) (1-5) (1-6) upc-mr (1-4) (1-5) (1-6) upc-jmc (1-6) (1-6) (1-5) systran (2-7) (1-6) (7) utd (3-7) (3-7) (3-6) rali (1-7) (2-7) (1-6) ntt (4-7) (4-7) (1-5) English-Spanish (In Domain) Adequacy (rank) Fluency (rank) BLEU (rank) ms (1-5) (1-7) (7-8) upc-mr (1-4) (1-5) (1-4) utd (1-5) (1-6) (1-4) nrc (2-7) (1-6) (5-6) ntt (3-7) (1-6) (1-4) upc-jmc (2-7) (2-7) (1-4) rali (5-8) (6-8) (5-6) uedin-birch (6-9) (6-10) (7-8) upc-jg (9) (8-10) (9) upv (9-10) (8-10) (10) English-German (In Domain) Adequacy (rank) Fluency (rank) BLEU (rank) upc-mr (1-3) (1-5) (3-5) ntt (1-5) (2-6) (1-3) upc-jmc (1-5) (1-4) (1-3) nrc (2-4) (1-5) (4-5) rali (3-6) (2-6) (1-4) systran (5-6) (3-6) (7) upv (7) (7) (6) Figure 8: Evaluation of translation from English on in-domain test data 113 French-English (Out of Domain) Adequacy (rank) Fluency (rank) BLEU (rank) upc-jmc (1-5) (1-8) (1-4) cmu (1-8) (1-9) (4-7) systran (1-8) (1-7) (9) lcc (1-9) (1-9) (1-5) upc-mr (2-8) (1-7) (1-3) utd (1-9) (1-8) (3-7) ntt (3-9) (1-9) (3-7) nrc (3-8) (3-9) (3-7) rali (4-9) (5-9) (8) upv (10) (10) (10) Spanish-English (Out of Domain) Adequacy (rank) Fluency (rank) BLEU (rank) upc-jmc (1-2) (1-6) (1-3) uedin-birch (1-7) (1-6) (5-8) nrc (2-8) (1-8) (5-7) ntt (2-7) (2-6) (3-4) upc-mr (2-8) (1-7) (5-8) lcc (4-9) (3-7) (1-4) utd (2-9) (2-8) (1-3) upc-jg (4-9) (7-9) (9) rali (4-9) (6-9) (6-8) upv (10) (10) (10) German-English (Out of Domain) Adequacy (rank) Fluency (rank) BLEU (rank) systran (1-4) (1-4) (7-9) uedin-phi (1-6) (1-7) (1) lcc (1-6) (1-7) (2-3) utd (2-7) (2-6) (4-6) ntt (1-9) (1-7) (3-5) nrc (3-8) (2-8) (7-8) upc-mr (4-8) (6-8) (4-6) upc-jmc (4-8) (3-9) (2-5) rali (8-9) (8-9) (8-9) upv (10) (10) (10) Figure 9: Evaluation of translation to English on out-of-domain test data 114 English-French (Out of Domain) Adequacy (rank) Fluency (rank) BLEU (rank) systran (1) (1) (1) upc-jmc (2-5) (2-4) (2-6) upc-mr (2-4) (2-4) (2-6) utd (2-6) (2-6) (7) rali (4-7) (5-7) (2-6) nrc (4-7) (4-7) (2-5) ntt (4-7) (4-7) (3-6) English-Spanish (Out of Domain) Adequacy (rank) Fluency (rank) BLEU (rank) upc-mr (1-3) (1-6) (1-2) ms (1-7) (1-8) (6-7) utd (2-6) (1-7) (3-5) nrc (1-6) (2-7) (3-5) upc-jmc (2-7) (1-6) (3-5) ntt (2-7) (1-7) (1-2) rali (6-8) (4-8) (6-8) uedin-birch (6-10) (5-9) (7-8) upc-jg (8-9) (9-10) (9) upv (9) (8-9) (10) English-German (Out of Domain) Adequacy (rank) Fluency (rank) BLEU (rank) systran (1) (1-2) (1-6) upc-mr (2-3) (1-3) (1-5) upc-jmc (2-3) (3-6) (1-6) rali (4-6) (4-6) (1-6) nrc (4-6) (2-6) (2-6) ntt (4-6) (3-5) (1-6) upv (7) (7) (7) Figure 10: Evaluation of translation from English on out-of-domain test data 115 French-English In domain Out of Domain Adequacy Adequacy 0.3 0.3 • 0.2 0.2 0.1 0.1 -0.0 -0.0 -0.1 -0.1 -0.2 -0.2 -0.3 -0.3 -0.4 -0.4 -0.5 -0.5 -0.6 -0.6 -0.7 -0.7 •upv -0.8 -0.8 21 22 23 24 25 26 27 28 29 30 31 15 16 17 18 19 20 21 22 •upv •systran upcntt • rali upc-jmc • cc Fluency 0.2 0.1 -0.0 -0.1 -0.2 -0.3 -0.4 •upv -0.5 •systran •upv upc -jmc • Fluency 0.2 0.1 -0.0 -0.1 -0.2 -0.3 -0.4 -0.5 -0.6 • • • td t cc upc- • rali 21 22 23 24 25 26 27 28 29 30 31 15 16 17 18 19 20 21 22 Figure 11: Correlation between manual and automatic scores for French-English 116 Spanish-English Figure 12: Correlation between manual and automatic scores for Spanish-English -0.3 -0.4 0.2 0.1 -0.0 -0.1 -0.2 -0.3 -0.4 -0.5 •upv -0.4 •upv -0.3 In Domain •upc-jg Adequacy 0.3 0.2 0.1 -0.0 -0.1 -0.2 Out of Domain •upc-jmc •nrc •ntt Adequacy upc-jmc • • •lcc • rali • •rali -0.7 -0.5 -0.6 •upv 23 24 25 26 27 28 29 30 31 32 19 20 21 22 23 24 25 26 27 28 • •rali Fluency 0.2 0.1 -0.0 -0.1 -0.2 ntt • upc-mr •lcc •utd •upc-jg •rali Fluency 0.2 0.1 -0.0 -0.1 -0.2 -0.3 -0.4 •upc-jmc • uedin-birch -0.5 -0.5 •upv 23 24 25 26 27 28 29 30 31 32 19 20 21 22 23 24 25 26 27 28 117 In Domain Out of Domain Adequacy Adequacy German-English 15 16 17 18 19 20 21 22 23 24 25 26 27 0.4 0.3 0.2 0.1 -0.0 -0.1 -0.2 -0.3 -0.4 -0.5 -0.6 lcc • upc-jmc •systran •upv Fluency •ula •upc-mr •lcc 15 16 17 18 19 20 21 22 23 24 25 26 27 0.4 0.3 0.2 0.1 -0.0 -0.1 -0.2 -0.3 -0.4 •systran •upv •uedin-phi -jmc •rali •systran -0.3 -0.4 -0.5 -0.6 •upv 12 13 14 15 16 17 18 19 20 0.4 0.3 0.2 0.1 -0.0 -0.1 -0.2 Fluency uedin-phi • • •utd •upc-jmc •upc-mr 0.4 •rali -0.3 -0.4 -0.5 •upv 12 13 14 15 16 17 18 19 20 0.3 0.2 0.1 -0.0 -0.1 -0.2 English-French In Domain Out of Domain Adequacy Adequacy .</S>",['method_citation']
19,W06-3114,W09-0402,0,"Koehn and Monz, 2006",0,"The correlations on the document level were computed on the English, French, Spanish and German texts generated by various translation systems in the framework of the first (Koehn and Monz, 2006), second (Callison-Burch et al, 2007) and third shared translation task (Callison-Burchet al, 2008)","The correlations on the document level were computed on the English, French, Spanish and German texts generated by various translation systems in the framework of the first (Koehn and Monz, 2006), second (Callison-Burch et al, 2007) and third shared translation task (Callison-Burchet al, 2008)","'1','2'","<S ssid=""1"" sid=""1"">Adequacy (rank) Fluency (rank) BLEU (rank) upc-jmc (1-7) (1-8) (1-6) lcc (1-6) (1-7) (1-4) utd (1-7) (1-6) (2-7) upc-mr (1-8) (1-6) (1-7) nrc (1-7) (2-6) (8) ntt (1-8) (2-8) (1-7) cmu (3-7) (4-8) (2-7) rali (5-8) (3-9) (3-7) systran (9) (8-9) (10) upv (10) (10) (9) Spanish-English (In Domain) Adequacy (rank) Fluency (rank) BLEU (rank) upc-jmc (1-7) (1-6) (1-5) ntt (1-7) (1-8) (1-5) lcc (1-8) (2-8) (1-4) utd (1-8) (2-7) (1-5) nrc (2-8) (1-9) (6) upc-mr (1-8) (1-6) (7) uedin-birch (1-8) (2-10) (8) rali (3-9) (3-9) (2-5) upc-jg (7-9) (6-9) (9) upv (10) (9-10) (10) German-English (In Domain) Adequacy (rank) Fluency (rank) BLEU (rank) uedin-phi (1-2) (1) (1) lcc (2-7) (2-7) (2) nrc (2-7) (2-6) (5-7) utd (3-7) (2-8) (3-4) ntt (2-9) (2-8) (3-4) upc-mr (3-9) (6-9) (8) rali (4-9) (3-9) (5-7) upc-jmc (2-9) (3-9) (5-7) systran (3-9) (3-9) (10) upv (10) (10) (9) Figure 7: Evaluation of translation to English on in-domain test data 112 English-French (In Domain) Adequacy (rank) Fluency (rank) BLEU (rank) nrc (1-5) (1-5) (1-6) upc-mr (1-4) (1-5) (1-6) upc-jmc (1-6) (1-6) (1-5) systran (2-7) (1-6) (7) utd (3-7) (3-7) (3-6) rali (1-7) (2-7) (1-6) ntt (4-7) (4-7) (1-5) English-Spanish (In Domain) Adequacy (rank) Fluency (rank) BLEU (rank) ms (1-5) (1-7) (7-8) upc-mr (1-4) (1-5) (1-4) utd (1-5) (1-6) (1-4) nrc (2-7) (1-6) (5-6) ntt (3-7) (1-6) (1-4) upc-jmc (2-7) (2-7) (1-4) rali (5-8) (6-8) (5-6) uedin-birch (6-9) (6-10) (7-8) upc-jg (9) (8-10) (9) upv (9-10) (8-10) (10) English-German (In Domain) Adequacy (rank) Fluency (rank) BLEU (rank) upc-mr (1-3) (1-5) (3-5) ntt (1-5) (2-6) (1-3) upc-jmc (1-5) (1-4) (1-3) nrc (2-4) (1-5) (4-5) rali (3-6) (2-6) (1-4) systran (5-6) (3-6) (7) upv (7) (7) (6) Figure 8: Evaluation of translation from English on in-domain test data 113 French-English (Out of Domain) Adequacy (rank) Fluency (rank) BLEU (rank) upc-jmc (1-5) (1-8) (1-4) cmu (1-8) (1-9) (4-7) systran (1-8) (1-7) (9) lcc (1-9) (1-9) (1-5) upc-mr (2-8) (1-7) (1-3) utd (1-9) (1-8) (3-7) ntt (3-9) (1-9) (3-7) nrc (3-8) (3-9) (3-7) rali (4-9) (5-9) (8) upv (10) (10) (10) Spanish-English (Out of Domain) Adequacy (rank) Fluency (rank) BLEU (rank) upc-jmc (1-2) (1-6) (1-3) uedin-birch (1-7) (1-6) (5-8) nrc (2-8) (1-8) (5-7) ntt (2-7) (2-6) (3-4) upc-mr (2-8) (1-7) (5-8) lcc (4-9) (3-7) (1-4) utd (2-9) (2-8) (1-3) upc-jg (4-9) (7-9) (9) rali (4-9) (6-9) (6-8) upv (10) (10) (10) German-English (Out of Domain) Adequacy (rank) Fluency (rank) BLEU (rank) systran (1-4) (1-4) (7-9) uedin-phi (1-6) (1-7) (1) lcc (1-6) (1-7) (2-3) utd (2-7) (2-6) (4-6) ntt (1-9) (1-7) (3-5) nrc (3-8) (2-8) (7-8) upc-mr (4-8) (6-8) (4-6) upc-jmc (4-8) (3-9) (2-5) rali (8-9) (8-9) (8-9) upv (10) (10) (10) Figure 9: Evaluation of translation to English on out-of-domain test data 114 English-French (Out of Domain) Adequacy (rank) Fluency (rank) BLEU (rank) systran (1) (1) (1) upc-jmc (2-5) (2-4) (2-6) upc-mr (2-4) (2-4) (2-6) utd (2-6) (2-6) (7) rali (4-7) (5-7) (2-6) nrc (4-7) (4-7) (2-5) ntt (4-7) (4-7) (3-6) English-Spanish (Out of Domain) Adequacy (rank) Fluency (rank) BLEU (rank) upc-mr (1-3) (1-6) (1-2) ms (1-7) (1-8) (6-7) utd (2-6) (1-7) (3-5) nrc (1-6) (2-7) (3-5) upc-jmc (2-7) (1-6) (3-5) ntt (2-7) (1-7) (1-2) rali (6-8) (4-8) (6-8) uedin-birch (6-10) (5-9) (7-8) upc-jg (8-9) (9-10) (9) upv (9) (8-9) (10) English-German (Out of Domain) Adequacy (rank) Fluency (rank) BLEU (rank) systran (1) (1-2) (1-6) upc-mr (2-3) (1-3) (1-5) upc-jmc (2-3) (3-6) (1-6) rali (4-6) (4-6) (1-6) nrc (4-6) (2-6) (2-6) ntt (4-6) (3-5) (1-6) upv (7) (7) (7) Figure 10: Evaluation of translation from English on out-of-domain test data 115 French-English In domain Out of Domain Adequacy Adequacy 0.3 0.3 • 0.2 0.2 0.1 0.1 -0.0 -0.0 -0.1 -0.1 -0.2 -0.2 -0.3 -0.3 -0.4 -0.4 -0.5 -0.5 -0.6 -0.6 -0.7 -0.7 •upv -0.8 -0.8 21 22 23 24 25 26 27 28 29 30 31 15 16 17 18 19 20 21 22 •upv •systran upcntt • rali upc-jmc • cc Fluency 0.2 0.1 -0.0 -0.1 -0.2 -0.3 -0.4 •upv -0.5 •systran •upv upc -jmc • Fluency 0.2 0.1 -0.0 -0.1 -0.2 -0.3 -0.4 -0.5 -0.6 • • • td t cc upc- • rali 21 22 23 24 25 26 27 28 29 30 31 15 16 17 18 19 20 21 22 Figure 11: Correlation between manual and automatic scores for French-English 116 Spanish-English Figure 12: Correlation between manual and automatic scores for Spanish-English -0.3 -0.4 0.2 0.1 -0.0 -0.1 -0.2 -0.3 -0.4 -0.5 •upv -0.4 •upv -0.3 In Domain •upc-jg Adequacy 0.3 0.2 0.1 -0.0 -0.1 -0.2 Out of Domain •upc-jmc •nrc •ntt Adequacy upc-jmc • • •lcc • rali • •rali -0.7 -0.5 -0.6 •upv 23 24 25 26 27 28 29 30 31 32 19 20 21 22 23 24 25 26 27 28 • •rali Fluency 0.2 0.1 -0.0 -0.1 -0.2 ntt • upc-mr •lcc •utd •upc-jg •rali Fluency 0.2 0.1 -0.0 -0.1 -0.2 -0.3 -0.4 •upc-jmc • uedin-birch -0.5 -0.5 •upv 23 24 25 26 27 28 29 30 31 32 19 20 21 22 23 24 25 26 27 28 117 In Domain Out of Domain Adequacy Adequacy German-English 15 16 17 18 19 20 21 22 23 24 25 26 27 0.4 0.3 0.2 0.1 -0.0 -0.1 -0.2 -0.3 -0.4 -0.5 -0.6 lcc • upc-jmc •systran •upv Fluency •ula •upc-mr •lcc 15 16 17 18 19 20 21 22 23 24 25 26 27 0.4 0.3 0.2 0.1 -0.0 -0.1 -0.2 -0.3 -0.4 •systran •upv •uedin-phi -jmc •rali •systran -0.3 -0.4 -0.5 -0.6 •upv 12 13 14 15 16 17 18 19 20 0.4 0.3 0.2 0.1 -0.0 -0.1 -0.2 Fluency uedin-phi • • •utd •upc-jmc •upc-mr 0.4 •rali -0.3 -0.4 -0.5 •upv 12 13 14 15 16 17 18 19 20 0.3 0.2 0.1 -0.0 -0.1 -0.2 English-French In Domain Out of Domain Adequacy Adequacy .</S><S ssid=""1"" sid=""2"">0.2 0.1 0.0 -0.1 25 26 27 28 29 30 31 32 -0.2 -0.3 •systran • ntt 0.5 0.4 0.3 0.2 0.1 0.0 -0.1 -0.2 -0.3 20 21 22 23 24 25 26 Fluency Fluency •systran •nrc rali 25 26 27 28 29 30 31 32 0.2 0.1 0.0 -0.1 -0.2 -0.3 cme p � 20 21 22 23 24 25 26 0.5 0.4 0.3 0.2 0.1 0.0 -0.1 -0.2 -0.3 Figure 14: Correlation between manual and automatic scores for English-French 119 In Domain Out of Domain •upv Adequacy -0.9 0.3 0.2 0.1 -0.0 -0.1 -0.2 -0.3 -0.4 -0.5 -0.6 -0.7 -0.8 •upv 23 24 25 26 27 28 29 30 31 32 •upc-mr •utd •upc-jmc •uedin-birch •ntt •rali •uedin-birch 16 17 18 19 20 21 22 23 24 25 26 27 Adequacy •upc-mr 0.4 0.3 0.2 0.1 -0.0 -0.1 -0.2 -0.3 -0.4 -0.5 -0.6 -0.7 -0.8 -0.9 -1.0 -1.1 English-Spanish Fluency •ntt •nrc •rali •uedin-birch -0.2 -0.3 -0.5 •upv 16 17 18 19 20 21 22 23 24 25 26 27 -0.4 nr • rali Fluency -0.4 •upc-mr utd •upc-jmc -0.5 -0.6 •upv 23 24 25 26 27 28 29 30 31 32 0.2 0.1 -0.0 -0.1 -0.2 -0.3 0.3 0.2 0.1 -0.0 -0.1 -0.6 -0.7 Figure 15: Correlation between manual and automatic scores for English-Spanish 120 English-German In Domain Out of Domain Adequacy Adequacy 0.3 0.2 0.1 -0.0 -0.1 -0.2 -0.3 -0.4 -0.5 -0.6 -0.7 -0.8 •upv -0.2 -0.3 -0.4 -0.5 -0.6 -0.7 -0.8 -0.9 •upv 0.5 0.4 •systran •upc-mr • •rali 0.3 •ntt 0.2 0.1 -0.0 -0.1 •systran •upc-mr -0.9 9 10 11 12 13 14 15 16 17 18 19 6 7 8 9 10 11 Fluency 0.2 0.1 -0.0 -0.1 -0.2 -0.3 -0.4 •upv -0.5 •upv •systran •upc-mr • Fluency 0.4 0.3 0.2 0.1 -0.0 -0.1 -0.2 -0.3 -0.4 -0.5 -0.6 •systran •ntt</S>",['method_citation']
